# export_mt_object_to_txt
# station_id: 08-03
# lat: 45.609
# lon: 84.402
# profile_pos_m: 16232.58013592401
# n_freq: 39
# columns: freq_hz	period_s	Zxx_real	Zxx_imag	Zxy_real	Zxy_imag	Zyx_real	Zyx_imag	Zyy_real	Zyy_imag	Zxx_err	Zxy_err	Zyx_err	Zyy_err	rho_xx	rho_xy	rho_yx	rho_yy	phs_xx_deg	phs_xy_deg	phs_yx_deg	phs_yy_deg	rho_err_xx	rho_err_xy	rho_err_yx	rho_err_yy	phs_err_xx_deg	phs_err_xy_deg	phs_err_yx_deg	phs_err_yy_deg	rho_noise_std_log10_xx	rho_noise_std_log10_xy	rho_noise_std_log10_yx	rho_noise_std_log10_yy	phs_noise_std_norm_xx	phs_noise_std_norm_xy	phs_noise_std_norm_yx	phs_noise_std_norm_yy
freq_hz	period_s	Zxx_real	Zxx_imag	Zxy_real	Zxy_imag	Zyx_real	Zyx_imag	Zyy_real	Zyy_imag	Zxx_err	Zxy_err	Zyx_err	Zyy_err	rho_xx	rho_xy	rho_yx	rho_yy	phs_xx_deg	phs_xy_deg	phs_yx_deg	phs_yy_deg	rho_err_xx	rho_err_xy	rho_err_yx	rho_err_yy	phs_err_xx_deg	phs_err_xy_deg	phs_err_yx_deg	phs_err_yy_deg	rho_noise_std_log10_xx	rho_noise_std_log10_xy	rho_noise_std_log10_yx	rho_noise_std_log10_yy	phs_noise_std_norm_xx	phs_noise_std_norm_xy	phs_noise_std_norm_yx	phs_noise_std_norm_yy
1.187840e+00	8.418642e-01	-3.042537e-02	3.367880e-03	9.312955e-02	7.808366e-02	-1.683326e-01	-9.531591e-02	-2.727820e-02	3.307389e-03	5.371222e-03	5.570722e-03	5.424928e-03	5.626423e-03	9.991095e+01	1.574845e+03	3.989953e+03	8.050478e+01	6.316535e+00	3.997786e+01	2.952008e+01	6.913174e+00	3.506193e+01	1.443732e+02	2.237866e+02	3.296852e+01	1.005345e+01	2.626282e+00	1.606789e+00	1.173195e+01	1.524077e-01	3.981375e-02	2.435850e-02	1.778533e-01	1.117051e-01	2.918091e-02	1.785321e-02	1.303550e-01
1.414400e+00	7.070136e-01	nan	nan	nan	nan	nan	nan	nan	nan	nan	nan	nan	nan	nan	nan	nan	nan	nan	nan	nan	nan	nan	nan	nan	nan	nan	nan	nan	nan	nan	nan	nan	nan	nan	nan	nan	nan
1.684170e+00	5.937643e-01	-3.003671e-02	9.056467e-03	1.123614e-01	1.033854e-01	-1.832788e-01	-1.224077e-01	-2.199947e-02	5.519543e-03	2.979008e-03	3.108583e-03	2.965333e-03	3.094313e-03	7.401472e+01	1.753211e+03	3.652876e+03	3.868663e+01	1.677876e+01	4.261762e+01	3.373804e+01	1.408446e+01	1.405636e+01	7.138741e+01	9.829540e+01	1.055570e+01	5.440608e+00	1.166488e+00	7.708872e-01	7.816612e+00	8.247820e-02	1.768365e-02	1.168645e-02	1.184978e-01	6.045121e-02	1.296097e-02	8.565414e-03	8.685124e-02
2.005380e+00	4.986586e-01	-2.968351e-02	8.091474e-03	1.197331e-01	1.189800e-01	-1.937526e-01	-1.312444e-01	-2.293906e-02	3.994782e-03	2.851246e-03	2.989845e-03	2.872704e-03	3.012347e-03	5.978224e+01	1.799452e+03	3.458740e+03	3.424049e+01	1.524788e+01	4.481923e+01	3.411297e+01	9.878851e+00	1.108045e+01	6.374640e+01	8.491545e+01	8.859554e+00	5.309797e+00	1.014864e+00	7.033336e-01	7.412496e+00	8.049513e-02	1.538508e-02	1.066235e-02	1.123715e-01	5.899775e-02	1.127627e-02	7.814818e-03	8.236107e-02
2.387870e+00	4.187833e-01	-3.128533e-02	8.311375e-03	1.279570e-01	1.273730e-01	-2.031367e-01	-1.395844e-01	-2.094159e-02	5.706544e-03	2.863236e-03	2.989822e-03	2.866484e-03	2.993214e-03	5.557751e+01	1.728922e+03	3.222064e+03	2.498769e+01	1.487775e+01	4.486896e+01	3.449472e+01	1.524290e+01	9.831877e+00	5.726153e+01	7.494564e+01	6.891769e+00	5.067923e+00	9.488118e-01	6.663538e-01	7.901275e+00	7.682837e-02	1.438374e-02	1.010175e-02	1.197812e-01	5.631025e-02	1.054235e-02	7.403931e-03	8.779194e-02
2.843310e+00	3.517028e-01	-2.720253e-02	8.419913e-03	1.361778e-01	1.384838e-01	-2.008623e-01	-1.572343e-01	-2.736550e-02	7.308332e-03	1.939260e-03	2.026242e-03	1.939105e-03	2.026080e-03	3.611925e+01	1.680283e+03	2.898382e+03	3.573660e+01	1.719870e+01	4.548103e+01	3.805372e+01	1.495265e+01	4.919584e+00	3.505948e+01	4.406586e+01	5.112536e+00	3.901956e+00	5.977448e-01	4.355512e-01	4.098413e+00	5.915262e-02	9.061654e-03	6.602842e-03	6.213086e-02	4.335506e-02	6.641609e-03	4.839458e-03	4.553792e-02
3.385610e+00	2.953677e-01	-3.013996e-02	1.094178e-02	1.631392e-01	1.713568e-01	-2.206805e-01	-1.805066e-01	-2.147077e-02	1.841702e-02	6.399913e-03	6.687858e-03	5.524201e-03	5.772746e-03	3.846145e+01	2.094050e+03	3.040679e+03	2.993377e+01	1.995253e+01	4.640731e+01	3.928160e+01	4.062205e+01	1.535336e+01	1.183852e+02	1.178342e+02	1.221743e+01	1.143591e+01	1.619581e+00	1.110180e+00	1.169260e+01	1.733653e-01	2.455243e-02	1.683004e-02	1.772567e-01	1.270656e-01	1.799535e-02	1.233534e-02	1.299178e-01
4.031340e+00	2.480565e-01	-2.176135e-02	1.312882e-02	1.597963e-01	1.734692e-01	-2.351798e-01	-1.991313e-01	-2.644953e-02	8.127045e-03	1.842783e-03	1.936974e-03	1.858706e-03	1.953711e-03	2.029276e+01	1.747599e+03	2.983420e+03	2.405347e+01	3.110296e+01	4.734936e+01	4.025523e+01	1.708042e+01	2.942762e+00	2.870484e+01	3.598970e+01	3.396719e+00	4.154383e+00	4.705502e-01	3.455863e-01	4.045522e+00	6.297936e-02	7.133418e-03	5.238997e-03	6.132905e-02	4.615981e-02	5.228336e-03	3.839848e-03	4.495025e-02
4.800240e+00	2.083229e-01	-1.771735e-02	9.846550e-03	1.687227e-01	1.921994e-01	-2.404383e-01	-2.214616e-01	-3.232756e-02	1.229752e-02	1.824084e-03	1.909927e-03	1.824388e-03	1.910244e-03	1.084027e+01	1.725750e+03	2.819328e+03	3.156366e+01	2.906345e+01	4.872165e+01	4.264738e+01	2.082699e+01	1.951051e+00	2.577563e+01	3.146977e+01	3.486472e+00	5.156098e+00	4.278820e-01	3.197721e-01	3.164401e+00	7.816509e-02	6.486579e-03	4.847661e-03	4.797148e-02	5.728997e-02	4.754244e-03	3.553023e-03	3.516001e-02
5.715780e+00	1.749542e-01	-2.303864e-02	9.853639e-03	1.850291e-01	2.181110e-01	-2.586417e-01	-2.514880e-01	-3.007025e-02	1.517377e-02	1.312363e-03	1.373089e-03	1.278836e-03	1.338011e-03	1.391255e+01	1.812722e+03	2.883709e+03	2.513768e+01	2.315642e+01	4.969121e+01	4.419658e+01	2.677601e+01	1.457319e+00	1.740451e+01	2.044504e+01	1.997191e+00	3.000825e+00	2.750572e-01	2.031090e-01	2.276078e+00	4.549171e-02	4.169795e-03	3.079079e-03	3.450474e-02	3.334250e-02	3.056191e-03	2.256767e-03	2.528975e-02
6.805950e+00	1.469303e-01	-2.078674e-02	8.972709e-03	2.093300e-01	2.485790e-01	-2.732249e-01	-3.088300e-01	-3.427647e-02	2.031611e-02	1.851497e-03	1.913271e-03	1.651717e-03	1.706826e-03	9.538902e+00	1.965300e+03	3.164037e+03	2.954393e+01	2.334771e+01	4.989905e+01	4.850050e+01	3.065577e+01	1.560138e+00	2.314098e+01	2.534821e+01	2.531128e+00	4.685515e+00	3.373227e-01	2.295083e-01	2.454361e+00	7.103117e-02	5.113723e-03	3.479285e-03	3.720747e-02	5.206127e-02	3.748030e-03	2.550092e-03	2.727068e-02
8.104040e+00	1.233952e-01	-1.684448e-02	1.242584e-02	2.255513e-01	2.789906e-01	-2.914216e-01	-3.508346e-01	-3.575583e-02	2.873769e-02	1.164962e-03	1.197185e-03	1.087141e-03	1.117212e-03	6.847305e+00	2.011491e+03	3.250843e+03	3.288694e+01	3.641546e+01	5.104603e+01	5.028520e+01	3.878955e+01	7.621771e-01	1.342470e+01	1.549774e+01	1.601886e+00	3.188812e+00	1.911962e-01	1.365730e-01	1.395406e+00	4.834155e-02	2.898483e-03	2.070411e-03	2.115399e-02	3.543124e-02	2.124402e-03	1.517478e-03	1.550451e-02
9.649720e+00	1.036299e-01	-1.488300e-02	1.411515e-02	2.425830e-01	3.062128e-01	-3.069419e-01	-3.864581e-01	-3.056935e-02	3.189624e-02	1.398283e-03	1.467015e-03	1.301727e-03	1.365713e-03	5.522178e+00	2.003026e+03	3.196739e+03	2.561788e+01	4.348320e+01	5.161360e+01	5.154186e+01	4.621689e+01	7.528839e-01	1.504374e+01	1.686363e+01	1.583831e+00	3.905802e+00	2.151601e-01	1.511251e-01	1.771162e+00	5.921093e-02	3.261771e-03	2.291017e-03	2.685035e-02	4.339780e-02	2.390668e-03	1.679168e-03	1.967958e-02
1.149020e+01	8.703069e-02	-1.296196e-02	1.305292e-02	2.666324e-01	3.422058e-01	-3.418966e-01	-4.486474e-01	-2.829696e-02	3.961312e-02	7.813834e-04	8.224451e-04	7.195732e-04	7.573868e-04	3.729938e+00	2.074421e+03	3.507136e+03	2.612256e+01	4.520033e+01	5.207577e+01	5.269040e+01	5.446053e+01	3.168738e-01	7.865507e+00	8.947930e+00	8.128248e-01	2.433758e+00	1.086232e-01	7.309079e-02	8.914025e-01	3.689513e-02	1.646699e-03	1.108037e-03	1.351343e-02	2.704175e-02	1.206924e-03	8.121199e-04	9.904472e-03
1.368170e+01	7.309033e-02	-9.510076e-03	1.228766e-02	2.980741e-01	3.918336e-01	-3.932409e-01	-5.228675e-01	-2.534037e-02	5.191946e-02	6.340248e-04	6.586227e-04	5.837605e-04	6.064083e-04	2.234899e+00	2.243728e+03	3.962262e+03	3.089768e+01	5.226179e+01	5.273917e+01	5.305372e+01	6.398435e+01	1.823897e-01	6.003257e+00	7.070846e+00	6.486242e-01	2.337949e+00	7.664951e-02	5.112353e-02	6.013952e-01	3.544269e-02	1.161986e-03	7.750193e-04	9.116993e-03	2.597721e-02	8.516612e-04	5.680392e-04	6.682169e-03
1.629120e+01	6.138283e-02	-4.729674e-03	1.047900e-02	3.220900e-01	4.412013e-01	-4.374202e-01	-5.839619e-01	-2.218247e-02	5.911796e-02	7.525754e-04	7.869114e-04	6.914035e-04	7.229485e-04	1.027591e+00	2.319834e+03	4.138594e+03	3.099580e+01	6.570806e+01	5.386946e+01	5.316473e+01	6.943271e+01	1.345299e-01	6.683636e+00	7.843621e+00	7.097696e-01	3.750517e+00	8.253699e-02	5.429457e-02	6.560050e-01	5.685685e-02	1.251239e-03	8.230915e-04	9.944863e-03	4.167241e-02	9.170777e-04	6.032730e-04	7.288944e-03
1.939840e+01	5.155064e-02	-5.999261e-03	6.631645e-03	3.621091e-01	4.851208e-01	-4.929708e-01	-6.514484e-01	-1.770695e-02	6.725409e-02	7.719537e-04	8.055316e-04	6.951585e-04	7.253960e-04	5.221204e-01	2.392638e+03	4.357466e+03	3.157831e+01	4.786620e+01	5.326121e+01	5.288410e+01	7.524966e+01	9.014232e-02	6.367563e+00	7.415715e+00	6.587518e-01	4.945962e+00	7.624105e-02	4.875416e-02	5.976206e-01	7.497948e-02	1.155794e-03	7.391002e-04	9.059771e-03	5.495513e-02	8.471227e-04	5.417129e-04	6.640229e-03
2.309830e+01	4.329323e-02	-2.862409e-03	4.667548e-03	4.023952e-01	5.454614e-01	-5.655345e-01	-7.239293e-01	-1.406738e-02	7.586881e-02	6.033016e-04	6.243633e-04	5.453999e-04	5.644402e-04	1.643815e-01	2.519234e+03	4.627248e+03	3.264651e+01	5.848098e+01	5.358324e+01	5.200300e+01	7.949567e+01	3.622481e-02	4.641055e+00	5.494416e+00	4.776188e-01	6.313144e+00	5.277653e-02	3.401664e-02	4.191190e-01	9.570560e-02	8.000784e-04	5.156833e-04	6.353734e-03	7.014604e-02	5.864059e-04	3.779627e-04	4.656878e-03
2.750380e+01	3.635861e-02	-4.981424e-03	3.167539e-04	4.759938e-01	6.224571e-01	-6.716111e-01	-8.187523e-01	-4.669046e-03	8.757043e-02	5.469518e-04	5.665562e-04	4.943015e-04	5.120188e-04	1.147300e-01	2.827497e+03	5.163981e+03	3.541322e+01	3.638370e+00	5.259480e+01	5.063845e+01	8.694802e+01	2.514353e-02	4.088677e+00	4.820843e+00	4.135303e-01	6.278298e+00	4.142603e-02	2.674429e-02	3.345296e-01	9.517735e-02	6.280077e-04	4.054364e-04	5.071381e-03	6.975887e-02	4.602892e-04	2.971587e-04	3.716996e-03
3.274950e+01	3.053482e-02	4.171637e-03	1.436595e-03	5.216169e-01	6.811103e-01	-7.598388e-01	-8.872105e-01	-9.521769e-03	9.647164e-02	5.953613e-04	6.221483e-04	5.345374e-04	5.585877e-04	7.528186e-02	2.846300e+03	5.276893e+03	3.634254e+01	1.900228e+01	5.255391e+01	4.942207e+01	8.436315e+01	2.031695e-02	4.128260e+00	4.829476e+00	4.188242e-01	7.731448e+00	4.155076e-02	2.621889e-02	3.301484e-01	1.172067e-01	6.298987e-04	3.974715e-04	5.004963e-03	8.590498e-02	4.616752e-04	2.913210e-04	3.668316e-03
3.899580e+01	2.564379e-02	-4.665151e-03	-5.984081e-03	6.316025e-01	7.623758e-01	-8.918563e-01	-9.740226e-01	1.137434e-02	1.224199e-01	1.916518e-03	2.010491e-03	1.825810e-03	1.915335e-03	1.869865e-01	3.183318e+03	5.664619e+03	4.909414e+01	5.206025e+01	5.035940e+01	4.752146e+01	8.469175e+01	9.445922e-02	1.292910e+01	1.566271e+01	1.529628e+00	1.447194e+01	1.163539e-01	7.921163e-02	8.925832e-01	2.193908e-01	1.763895e-03	1.200828e-03	1.353133e-02	1.607993e-01	1.292822e-03	8.801293e-04	9.917591e-03
4.643350e+01	2.153618e-02	-1.417130e-02	-2.711226e-03	7.288216e-01	8.252373e-01	-1.030191e+00	-1.017449e+00	3.035050e-02	1.274591e-01	2.023912e-03	2.095588e-03	1.930265e-03	1.998624e-03	5.678196e-01	3.306376e+03	5.718379e+03	4.682444e+01	1.083084e+01	4.855015e+01	4.464345e+01	7.660619e+01	1.593002e-01	1.258640e+01	1.524659e+01	1.428522e+00	8.037084e+00	1.090541e-01	7.638226e-02	8.739910e-01	1.218401e-01	1.653231e-03	1.157935e-03	1.324947e-02	8.930094e-02	1.211712e-03	8.486918e-04	9.711011e-03
5.528970e+01	1.808655e-02	-2.539600e-02	1.113135e-04	8.478478e-01	9.003849e-01	-1.195501e+00	-1.101342e+00	5.179166e-02	1.451547e-01	1.900900e-03	1.997641e-03	1.821561e-03	1.914265e-03	1.477423e+00	3.503697e+03	6.052404e+03	5.440902e+01	2.511322e-01	4.672131e+01	4.265250e+01	7.036344e+01	2.211692e-01	1.131863e+01	1.356503e+01	1.351607e+00	4.288569e+00	9.254646e-02	6.420746e-02	7.116596e-01	6.501357e-02	1.402980e-03	9.733683e-04	1.078857e-02	4.765076e-02	1.028294e-03	7.134163e-04	7.907329e-03
6.583500e+01	1.518949e-02	-2.956318e-02	-3.011958e-03	9.427052e-01	9.417273e-01	-1.312828e+00	-1.133601e+00	6.960341e-02	1.613942e-01	1.726439e-03	1.817825e-03	1.693327e-03	1.782960e-03	1.698793e+00	3.415739e+03	5.787797e+03	5.943054e+01	5.817339e+00	4.497026e+01	4.080998e+01	6.667123e+01	1.973914e-01	9.319681e+00	1.130067e+01	1.205739e+00	3.328744e+00	7.816440e-02	5.593500e-02	5.812141e-01	5.046288e-02	1.184952e-03	8.479599e-04	8.811053e-03	3.698604e-02	8.684933e-04	6.215000e-04	6.457935e-03
7.839170e+01	1.275645e-02	-3.180917e-02	1.081873e-03	1.063767e+00	9.956066e-01	-1.474767e+00	-1.169677e+00	9.898647e-02	1.745808e-01	1.243938e-03	1.312698e-03	1.210955e-03	1.277892e-03	1.636616e+00	3.429699e+03	5.724286e+03	6.507210e+01	1.947956e+00	4.310434e+01	3.841888e+01	6.044697e+01	1.279299e-01	6.180062e+00	7.365272e+00	8.286893e-01	2.239329e+00	5.162136e-02	3.686041e-02	3.648291e-01	3.394764e-02	7.825663e-04	5.587941e-04	5.530714e-03	2.488143e-02	5.735707e-04	4.095601e-04	4.053657e-03
9.334330e+01	1.071314e-02	-3.372919e-02	7.478485e-03	1.193144e+00	1.044834e+00	-1.645825e+00	-1.187214e+00	1.301811e-01	1.807643e-01	1.296472e-03	1.373711e-03	1.268988e-03	1.344590e-03	1.619499e+00	3.412807e+03	5.587743e+03	6.733004e+01	1.250146e+01	4.120857e+01	3.580474e+01	5.423968e+01	1.215478e-01	5.912141e+00	6.988266e+00	8.128081e-01	2.150101e+00	4.962788e-02	3.582825e-02	3.458373e-01	3.259497e-02	7.523457e-04	5.431469e-04	5.242802e-03	2.389001e-02	5.514209e-04	3.980917e-04	3.842636e-03
1.111470e+02	8.997094e-03	-3.452936e-02	1.736982e-02	1.316638e+00	1.081007e+00	-1.805778e+00	-1.197866e+00	1.538709e-01	1.824511e-01	1.415516e-03	1.504511e-03	1.332651e-03	1.416436e-03	1.702391e+00	3.306945e+03	5.350748e+03	6.491095e+01	2.670445e+01	3.938723e+01	3.355838e+01	4.985724e+01	1.246897e-01	5.841108e+00	6.581272e+00	7.704462e-01	2.098282e+00	5.060121e-02	3.523611e-02	3.400298e-01	3.180941e-02	7.671011e-04	5.341702e-04	5.154763e-03	2.331425e-02	5.622357e-04	3.915124e-04	3.778109e-03
1.323450e+02	7.556009e-03	-3.275802e-02	2.644388e-02	1.417102e+00	1.110441e+00	-1.930529e+00	-1.193723e+00	1.755421e-01	1.803713e-01	1.355883e-03	1.446303e-03	1.269798e-03	1.354477e-03	1.696119e+00	3.101816e+03	4.930279e+03	6.062357e+01	3.891217e+01	3.808225e+01	3.173014e+01	4.577736e+01	1.092526e-01	4.983663e+00	5.516350e+00	6.524896e-01	1.845305e+00	4.602833e-02	3.205331e-02	3.083364e-01	2.797434e-02	6.977773e-04	4.859198e-04	4.674298e-03	2.050339e-02	5.114258e-04	3.561479e-04	3.425960e-03
1.575880e+02	6.345661e-03	-3.032503e-02	3.862944e-02	1.543500e+00	1.149445e+00	-2.097932e+00	-1.182839e+00	2.100065e-01	1.775265e-01	9.602859e-04	1.017798e-03	9.304973e-04	9.862253e-04	1.938367e+00	2.976550e+03	4.661731e+03	6.077354e+01	5.186724e+01	3.667507e+01	2.941482e+01	4.020910e+01	7.580399e-02	3.148413e+00	3.602154e+00	4.359202e-01	1.120337e+00	3.030199e-02	2.213643e-02	2.054873e-01	1.698402e-02	4.593702e-04	3.355825e-04	3.115134e-03	1.244819e-02	3.366888e-04	2.459604e-04	2.283193e-03
1.876440e+02	5.329240e-03	-3.117913e-02	4.869134e-02	1.676966e+00	1.185522e+00	-2.244207e+00	-1.160312e+00	2.411556e-01	1.688964e-01	8.222887e-04	8.766631e-04	8.137856e-04	8.675977e-04	2.256368e+00	2.846747e+03	4.308102e+03	5.850657e+01	5.736684e+01	3.525820e+01	2.734011e+01	3.500596e+01	6.417961e-02	2.430384e+00	2.775369e+00	3.448169e-01	8.148539e-01	2.445788e-02	1.845557e-02	1.688405e-01	1.235297e-02	3.707750e-04	2.797816e-04	2.559577e-03	9.053932e-03	2.717542e-04	2.050619e-04	1.876005e-03
2.234330e+02	4.475615e-03	-2.002513e-02	6.419221e-02	1.780712e+00	1.225078e+00	-2.363413e+00	-1.136521e+00	2.636695e-01	1.574990e-01	8.352583e-04	8.903804e-04	8.105412e-04	8.640321e-04	2.563064e+00	2.648152e+03	3.898407e+03	5.346892e+01	7.267439e+01	3.452683e+01	2.568204e+01	3.085136e+01	6.367398e-02	2.181768e+00	2.409796e+00	3.008445e-01	7.116971e-01	2.360251e-02	1.770866e-02	1.611882e-01	1.078914e-02	3.578079e-04	2.684586e-04	2.443571e-03	7.907745e-03	2.622502e-04	1.967628e-04	1.790980e-03
2.660490e+02	3.758706e-03	-1.069204e-02	6.608195e-02	1.876516e+00	1.275628e+00	-2.467540e+00	-1.124738e+00	2.804895e-01	1.508038e-01	8.778356e-04	9.356893e-04	8.521532e-04	9.083143e-04	2.133229e+00	2.450940e+03	3.500739e+03	4.827872e+01	8.080921e+01	3.420728e+01	2.450413e+01	2.826448e+01	5.594822e-02	2.021400e+00	2.200148e+00	2.754028e-01	7.513484e-01	2.362720e-02	1.800465e-02	1.634200e-01	1.139024e-02	3.581822e-04	2.729458e-04	2.477404e-03	8.348315e-03	2.625245e-04	2.000517e-04	1.815778e-03
3.167920e+02	3.156645e-03	-7.054961e-03	8.127495e-02	1.992806e+00	1.333113e+00	-2.570923e+00	-1.103713e+00	3.005011e-01	1.336866e-01	7.923351e-04	8.475354e-04	8.219258e-04	8.791876e-04	2.660784e+00	2.298201e+03	3.129517e+03	4.324690e+01	8.503895e+01	3.378106e+01	2.323415e+01	2.398327e+01	5.168467e-02	1.624800e+00	1.838736e+00	2.312102e-01	5.564739e-01	2.025370e-02	1.683196e-02	1.531598e-01	8.435998e-03	3.070408e-04	2.551680e-04	2.321862e-03	6.183043e-03	2.250412e-04	1.870217e-04	1.701775e-03
3.772130e+02	2.651022e-03	9.716544e-03	9.141421e-02	2.114187e+00	1.422399e+00	-2.670194e+00	-1.093995e+00	3.190298e-01	1.184535e-01	1.042584e-03	1.105311e-03	1.080923e-03	1.145956e-03	2.837462e+00	2.180065e+03	2.795760e+03	3.888430e+01	8.393273e+01	3.393218e+01	2.227921e+01	2.036960e+01	6.436029e-02	1.891303e+00	2.094529e+00	2.618768e-01	6.498013e-01	2.485331e-02	2.146245e-02	1.929369e-01	9.850817e-03	3.767696e-04	3.253651e-04	2.924873e-03	7.220014e-03	2.761479e-04	2.384716e-04	2.143744e-03
4.491590e+02	2.226383e-03	3.427644e-02	1.024932e-01	2.237047e+00	1.505995e+00	-2.742679e+00	-1.100811e+00	3.235565e-01	1.054560e-01	1.118438e-03	1.173451e-03	1.144442e-03	1.200734e-03	3.293388e+00	2.050633e+03	2.462788e+03	3.265543e+01	7.150870e+01	3.394870e+01	2.186872e+01	1.805222e+01	6.816612e-02	1.784613e+00	1.907403e+00	2.304410e-01	5.929503e-01	2.493152e-02	2.218749e-02	2.021608e-01	8.988971e-03	3.779553e-04	3.363565e-04	3.064705e-03	6.588337e-03	2.770169e-04	2.465277e-04	2.246231e-03
5.348260e+02	1.869767e-03	4.443359e-02	1.126529e-01	2.318077e+00	1.596010e+00	-2.803574e+00	-1.125803e+00	3.327568e-01	9.239888e-02	1.239552e-03	1.308156e-03	1.302355e-03	1.374435e-03	3.472804e+00	1.875698e+03	2.161462e+03	2.824292e+01	6.847427e+01	3.454765e+01	2.187842e+01	1.551874e+01	7.109413e-02	1.743692e+00	1.863512e+00	2.248060e-01	5.864704e-01	2.663174e-02	2.469888e-02	2.280295e-01	8.890738e-03	4.037302e-04	3.744285e-04	3.456867e-03	6.516338e-03	2.959082e-04	2.744320e-04	2.533661e-03
6.368330e+02	1.570270e-03	7.207257e-02	1.340195e-01	2.450168e+00	1.724503e+00	-2.843264e+00	-1.174245e+00	3.283051e-01	7.712068e-02	8.761159e-04	8.973728e-04	9.267755e-04	9.492616e-04	4.605133e+00	1.785366e+03	1.881974e+03	2.261865e+01	6.172967e+01	3.513904e+01	2.244022e+01	1.321942e+01	5.302797e-02	1.069446e+00	1.133976e+00	1.273332e-01	3.298796e-01	1.716028e-02	1.726167e-02	1.612752e-01	5.000888e-03	2.601453e-04	2.616823e-04	2.444890e-03	3.665329e-03	1.906697e-04	1.917963e-04	1.791947e-03
7.582960e+02	1.318746e-03	8.916618e-02	1.549908e-01	2.614564e+00	1.908024e+00	-2.929958e+00	-1.255509e+00	3.376262e-01	5.704662e-02	9.998157e-04	1.015925e-03	1.066177e-03	1.083356e-03	5.340125e+00	1.749797e+03	1.697095e+03	1.958253e+01	6.008819e+01	3.612076e+01	2.319550e+01	9.590336e+00	5.971885e-02	1.098427e+00	1.135268e+00	1.239142e-01	3.203706e-01	1.798358e-02	1.916394e-02	1.812780e-01	4.856733e-03	2.726263e-04	2.905203e-04	2.748127e-03	3.559673e-03	1.998175e-04	2.129326e-04	2.014200e-03
9.029250e+02	1.107512e-03	9.515683e-02	1.271315e-01	2.745416e+00	2.101947e+00	-3.051803e+00	-1.344003e+00	3.928570e-01	4.412044e-02	4.679268e-03	4.790704e-03	4.769238e-03	4.882816e-03	3.537173e+00	1.676973e+03	1.559758e+03	2.192154e+01	5.318547e+01	3.743842e+01	2.376852e+01	6.407844e+00	2.084565e-01	4.646989e+00	4.461561e+00	5.415209e-01	1.688308e+00	7.938497e-02	8.194496e-02	7.076797e-01	2.559430e-02	1.203455e-03	1.242264e-03	1.072824e-02	1.875898e-02	8.820552e-04	9.104996e-04	7.863108e-03
