# export_mt_object_to_txt
# station_id: 02
# lat: 45.601
# lon: 84.409
# profile_pos_m: 17277.269405761588
# n_freq: 20
# columns: freq_hz	period_s	Zxx_real	Zxx_imag	Zxy_real	Zxy_imag	Zyx_real	Zyx_imag	Zyy_real	Zyy_imag	Zxx_err	Zxy_err	Zyx_err	Zyy_err	rho_xx	rho_xy	rho_yx	rho_yy	phs_xx_deg	phs_xy_deg	phs_yx_deg	phs_yy_deg	rho_err_xx	rho_err_xy	rho_err_yx	rho_err_yy	phs_err_xx_deg	phs_err_xy_deg	phs_err_yx_deg	phs_err_yy_deg	rho_noise_std_log10_xx	rho_noise_std_log10_xy	rho_noise_std_log10_yx	rho_noise_std_log10_yy	phs_noise_std_norm_xx	phs_noise_std_norm_xy	phs_noise_std_norm_yx	phs_noise_std_norm_yy
freq_hz	period_s	Zxx_real	Zxx_imag	Zxy_real	Zxy_imag	Zyx_real	Zyx_imag	Zyy_real	Zyy_imag	Zxx_err	Zxy_err	Zyx_err	Zyy_err	rho_xx	rho_xy	rho_yx	rho_yy	phs_xx_deg	phs_xy_deg	phs_yx_deg	phs_yy_deg	rho_err_xx	rho_err_xy	rho_err_yx	rho_err_yy	phs_err_xx_deg	phs_err_xy_deg	phs_err_yx_deg	phs_err_yy_deg	rho_noise_std_log10_xx	rho_noise_std_log10_xy	rho_noise_std_log10_yx	rho_noise_std_log10_yy	phs_noise_std_norm_xx	phs_noise_std_norm_xy	phs_noise_std_norm_yx	phs_noise_std_norm_yy
1.187840e+00	8.418642e-01	-8.142565e-03	1.193913e-03	4.813471e-02	3.611990e-02	-4.351485e-02	-2.855418e-02	-3.271797e-03	-5.719892e-03	3.152051e-03	3.208557e-03	3.109861e-03	3.165611e-03	7.221257e+00	3.861469e+02	2.888302e+02	4.629780e+00	8.341619e+00	3.688427e+01	3.327264e+01	6.023031e+01	5.531665e+00	4.117582e+01	3.451584e+01	4.448298e+00	2.194501e+01	3.054797e+00	3.423486e+00	2.752492e+01	3.326805e-01	4.630992e-02	5.189914e-02	4.172706e-01	2.438334e-01	3.394219e-02	3.803873e-02	3.058325e-01
1.684170e+00	5.937643e-01	-1.361330e-02	-3.030635e-03	5.080156e-02	5.624582e-02	-5.203584e-02	-3.969452e-02	-8.887841e-03	-5.115063e-03	1.796078e-03	1.832538e-03	1.792236e-03	1.828618e-03	1.462712e+01	4.319847e+02	3.221152e+02	7.907969e+00	1.255069e+01	4.791147e+01	3.733749e+01	2.992096e+01	3.767444e+00	2.088956e+01	1.764180e+01	2.820315e+00	7.378711e+00	1.385331e+00	1.569005e+00	1.021704e+01	1.118593e-01	2.100126e-02	2.378570e-02	1.548877e-01	8.198568e-02	1.539257e-02	1.743339e-02	1.135227e-01
2.387870e+00	4.187833e-01	-1.824890e-02	-9.918833e-05	6.421061e-02	6.573013e-02	-5.976066e-02	-5.035524e-02	-1.264226e-02	-5.624957e-03	1.506592e-03	1.531686e-03	1.506246e-03	1.531334e-03	1.766387e+01	4.478367e+02	3.239116e+02	1.015530e+01	3.114169e-01	4.566998e+01	4.011800e+01	2.398586e+01	2.916544e+00	1.492999e+01	1.248645e+01	2.247740e+00	4.730154e+00	9.550640e-01	1.104346e+00	6.340826e+00	7.170790e-02	1.447852e-02	1.674159e-02	9.612525e-02	5.255727e-02	1.061182e-02	1.227051e-02	7.045362e-02
3.385610e+00	2.953677e-01	-1.571841e-02	4.494498e-03	7.619125e-02	8.189778e-02	-6.888812e-02	-6.471646e-02	-1.751838e-02	-6.120348e-03	9.446049e-04	9.539662e-04	9.481963e-04	9.575932e-04	9.998200e+00	4.680716e+02	3.342021e+02	1.288180e+01	1.595727e+01	4.706730e+01	4.321158e+01	1.925774e+01	1.155388e+00	7.983730e+00	6.705321e+00	1.329493e+00	3.310538e+00	4.886368e-01	5.747817e-01	2.956665e+00	5.018689e-02	7.407605e-03	8.713540e-03	4.482227e-02	3.678376e-02	5.429297e-03	6.386464e-03	3.285183e-02
4.800240e+00	2.083229e-01	-1.468249e-02	5.137132e-03	8.970120e-02	9.803053e-02	-7.654887e-02	-8.398644e-02	-1.787943e-02	-5.723868e-03	9.119697e-04	9.175054e-04	9.143972e-04	9.199476e-04	6.384121e+00	4.658507e+02	3.407137e+02	9.298828e+00	1.928400e+01	4.754045e+01	4.765261e+01	1.775180e+01	7.485738e-01	6.433328e+00	5.483191e+00	9.113409e-01	3.359125e+00	3.956230e-01	4.610376e-01	2.807665e+00	5.092345e-02	5.997541e-03	6.989209e-03	4.256346e-02	3.732361e-02	4.395811e-03	5.122640e-03	3.119628e-02
6.805950e+00	1.469303e-01	-1.353384e-02	8.643061e-03	1.144795e-01	1.266712e-01	-9.386012e-02	-1.153507e-01	-2.275102e-02	-5.465906e-03	4.767039e-04	4.759143e-04	4.752045e-04	4.744173e-04	4.798635e+00	5.424717e+02	4.115461e+02	1.018811e+01	3.256336e+01	4.789419e+01	5.086498e+01	1.350921e+01	2.849039e-01	3.024183e+00	2.630150e+00	4.131408e-01	1.700878e+00	1.597069e-01	1.830858e-01	1.161708e+00	2.578487e-02	2.421114e-03	2.775533e-03	1.761119e-02	1.889865e-02	1.774521e-03	2.034287e-03	1.290787e-02
9.649720e+00	1.036299e-01	-7.839625e-03	8.748741e-03	1.338801e-01	1.505476e-01	-1.090909e-01	-1.449154e-01	-2.327899e-02	-6.474605e-03	5.077754e-04	5.174812e-04	5.075734e-04	5.172752e-04	1.811237e+00	5.327188e+02	4.318260e+02	7.662730e+00	4.813693e+01	4.835370e+01	5.302793e+01	1.554289e+01	1.565803e-01	2.736663e+00	2.416746e+00	3.280887e-01	2.476592e+00	1.471689e-01	1.603300e-01	1.226593e+00	3.754449e-02	2.231041e-03	2.430561e-03	1.859482e-02	2.751769e-02	1.635210e-03	1.781445e-03	1.362881e-02
1.368170e+01	7.309033e-02	-3.363276e-03	4.972258e-03	1.679727e-01	1.947409e-01	-1.436406e-01	-1.964515e-01	-2.705403e-02	-3.786848e-03	2.186118e-04	2.204379e-04	2.186004e-04	2.204264e-04	3.335757e-01	6.122472e+02	5.482533e+02	6.908133e+00	5.592526e+01	4.922077e+01	5.382662e+01	7.968124e+00	2.429606e-02	1.049578e+00	9.849330e-01	1.114831e-01	2.086576e+00	4.911121e-02	5.146572e-02	4.623183e-01	3.163194e-02	7.445131e-04	7.802068e-04	7.008624e-03	2.318417e-02	5.456802e-04	5.718414e-04	5.136870e-03
1.939840e+01	5.155064e-02	2.993601e-03	-1.259634e-03	2.035106e-01	2.367825e-01	-1.799509e-01	-2.428633e-01	-3.167334e-02	-2.823055e-03	2.540674e-04	2.558511e-04	2.526914e-04	2.544653e-04	6.886966e-02	6.364598e+02	5.965186e+02	6.601893e+00	2.282017e+01	4.932149e+01	5.346320e+01	5.093333e+00	1.077495e-02	1.043097e+00	9.973659e-01	1.056611e-01	4.482082e+00	4.695118e-02	4.789864e-02	4.584998e-01	6.794719e-02	7.117676e-04	7.261308e-04	6.950737e-03	4.980091e-02	5.216798e-04	5.322071e-04	5.094442e-03
2.750380e+01	3.635861e-02	6.406203e-03	-1.323885e-02	2.652807e-01	2.957980e-01	-2.477929e-01	-3.056260e-01	-3.910631e-02	4.515501e-03	1.746882e-04	1.752003e-04	1.724718e-04	1.729774e-04	9.960641e-01	7.269726e+02	7.128736e+02	7.136140e+00	6.417793e+01	4.811327e+01	5.096584e+01	6.586621e+00	2.366170e-02	6.411102e-01	6.249756e-01	6.271332e-02	6.805364e-01	2.526430e-02	2.511558e-02	2.517613e-01	1.031675e-02	3.830002e-04	3.807456e-04	3.816636e-03	7.561516e-03	2.807144e-04	2.790620e-04	2.797348e-03
3.899580e+01	2.564379e-02	4.653248e-03	-2.905238e-02	3.437074e-01	3.537015e-01	-3.304180e-01	-3.615135e-01	-4.500160e-02	2.139871e-02	8.761957e-04	8.760807e-04	8.600537e-04	8.599408e-04	2.811620e+00	7.899991e+02	7.790492e+02	8.064504e+00	8.090036e+01	4.582101e+01	4.757315e+01	2.543155e+01	1.674579e-01	2.806620e+00	2.736114e+00	2.783451e-01	1.706246e+00	1.017770e-01	1.006148e-01	9.887775e-01	2.586624e-02	1.542913e-03	1.525294e-03	1.498961e-02	1.895829e-02	1.130856e-03	1.117942e-03	1.098642e-02
5.528970e+01	1.808655e-02	-2.053699e-03	-4.612463e-02	4.507899e-01	4.002991e-01	-4.376186e-01	-4.102570e-01	-4.427977e-02	4.491950e-02	9.032870e-04	9.062031e-04	8.813833e-04	8.842287e-04	4.883059e+00	8.325527e+02	8.242374e+02	9.113412e+00	8.745059e+01	4.160491e+01	4.315166e+01	4.541092e+01	1.910666e-01	2.502905e+00	2.422167e+00	2.555160e-01	1.120948e+00	8.612423e-02	8.418686e-02	8.032113e-01	1.699327e-02	1.305621e-03	1.276251e-03	1.217647e-02	1.245498e-02	9.569359e-04	9.354096e-04	8.924570e-03
7.839170e+01	1.275645e-02	-1.569688e-02	-5.959278e-02	5.496454e-01	4.251411e-01	-5.370830e-01	-4.366405e-01	-3.222774e-02	6.705003e-02	6.289187e-04	6.345565e-04	6.036263e-04	6.090373e-04	6.135639e+00	7.801119e+02	7.740664e+02	8.941399e+00	7.524334e+01	3.772132e+01	3.911060e+01	6.432863e+01	1.252347e-01	1.424783e+00	1.350073e+00	1.464019e-01	5.847326e-01	5.232203e-02	4.996567e-02	4.690659e-01	8.864393e-03	7.931882e-04	7.574665e-04	7.110916e-03	6.497029e-03	5.813558e-04	5.551741e-04	5.211843e-03
1.111470e+02	8.997094e-03	-3.165211e-02	-7.425861e-02	6.607956e-01	4.449387e-01	-6.527269e-01	-4.585557e-01	-1.181132e-02	9.296634e-02	6.589907e-04	6.637046e-04	6.360314e-04	6.405810e-04	7.425176e+00	7.231479e+02	7.250902e+02	1.000733e+01	6.691428e+01	3.395388e+01	3.508892e+01	8.275940e+01	1.212325e-01	1.204966e+00	1.156274e+00	1.368105e-01	4.677403e-01	4.773535e-02	4.568372e-02	3.916462e-01	7.090821e-03	7.236554e-04	6.925532e-04	5.937253e-03	5.197115e-03	5.303928e-04	5.075969e-04	4.351624e-03
1.575880e+02	6.345661e-03	-4.671859e-02	-8.531712e-02	7.581602e-01	4.536384e-01	-7.502341e-01	-4.689506e-01	9.658482e-03	1.098766e-01	5.079771e-04	5.275493e-04	4.832067e-04	5.018245e-04	7.604199e+00	6.273540e+02	6.290990e+02	9.777785e+00	6.129544e+01	3.089382e+01	3.200836e+01	8.497644e+01	7.942266e-02	7.491918e-01	6.871728e-01	8.897043e-02	2.992152e-01	3.421156e-02	3.129245e-02	2.606741e-01	4.536023e-03	5.186383e-04	4.743854e-04	3.951750e-03	3.324613e-03	3.801285e-04	3.476939e-04	2.896379e-03
2.234330e+02	4.475615e-03	-6.884288e-02	-1.026153e-01	8.627632e-01	4.684560e-01	-8.540355e-01	-4.848489e-01	3.917632e-02	1.292860e-01	5.161576e-04	5.304501e-04	4.881139e-04	5.016299e-04	8.655268e+00	5.463300e+02	5.466948e+02	1.034470e+01	5.614301e+01	2.850071e+01	2.958424e+01	7.314212e+01	7.230762e-02	5.903826e-01	5.434444e-01	7.682521e-02	2.393295e-01	3.095788e-02	2.847756e-02	2.127544e-01	3.628172e-03	4.693133e-04	4.317123e-04	3.225301e-03	2.659216e-03	3.439764e-04	3.164173e-04	2.363938e-03
3.167920e+02	3.156645e-03	-8.804630e-02	-1.173148e-01	9.537418e-01	4.867143e-01	-9.352539e-01	-5.093339e-01	6.406672e-02	1.454860e-01	4.432405e-04	4.550955e-04	4.194054e-04	4.306228e-04	8.601526e+00	4.583693e+02	4.534145e+02	1.010308e+01	5.311128e+01	2.703617e+01	2.857246e+01	6.623307e+01	5.198466e-02	3.896353e-01	3.571328e-01	5.473587e-02	1.731380e-01	2.435205e-02	2.256456e-02	1.552068e-01	2.624726e-03	3.691706e-04	3.420728e-04	2.352894e-03	1.923755e-03	2.705783e-04	2.507174e-04	1.724520e-03
4.491590e+02	2.226383e-03	-1.158023e-01	-1.318477e-01	1.065560e+00	5.092564e-01	-1.031287e+00	-5.490344e-01	9.683613e-02	1.664858e-01	6.672625e-04	6.874111e-04	6.323411e-04	6.514351e-04	8.683127e+00	3.932870e+02	3.848933e+02	1.045978e+01	4.870704e+01	2.554424e+01	2.802984e+01	5.981566e+01	6.603435e-02	4.578323e-01	4.166359e-01	7.075669e-02	2.178644e-01	3.334951e-02	3.101051e-02	1.937928e-01	3.302768e-03	5.055698e-04	4.701112e-04	2.937848e-03	2.420716e-03	3.705501e-04	3.445612e-04	2.153253e-03
6.368330e+02	1.570270e-03	-1.436278e-01	-1.408333e-01	1.163082e+00	5.335694e-01	-1.117116e+00	-6.037411e-01	1.312895e-01	1.847136e-01	6.306684e-04	6.526208e-04	5.994149e-04	6.202794e-04	8.047156e+00	3.256526e+02	3.206795e+02	1.021354e+01	4.443717e+01	2.464351e+01	2.838884e+01	5.459580e+01	5.045969e-02	3.321701e-01	3.027509e-01	5.591108e-02	1.796366e-01	2.922124e-02	2.704624e-02	1.568246e-01	2.723244e-03	4.429863e-04	4.100139e-04	2.377420e-03	1.995962e-03	3.246804e-04	3.005138e-04	1.742496e-03
9.029250e+02	1.107512e-03	-1.092616e-01	-1.150628e-01	1.231860e+00	5.473095e-01	-1.173302e+00	-6.379431e-01	1.362752e-01	1.796730e-01	1.912266e-02	2.063570e-02	1.854541e-02	2.001277e-02	3.531604e+00	2.548706e+02	2.501833e+02	7.133091e+00	4.648140e+01	2.395535e+01	2.853363e+01	5.282105e+01	8.512237e-01	7.803480e+00	6.948241e+00	1.266063e+00	6.905010e+00	8.771244e-01	7.956266e-01	5.084758e+00	1.046781e-01	1.329698e-02	1.206149e-02	7.708359e-02	7.672233e-02	9.745826e-03	8.840295e-03	5.649731e-02
