# export_mt_object_to_txt
# station_id: 32
# lat: 45.815
# lon: 84.176
# profile_pos_m: -12638.789707401209
# n_freq: 20
# columns: freq_hz	period_s	Zxx_real	Zxx_imag	Zxy_real	Zxy_imag	Zyx_real	Zyx_imag	Zyy_real	Zyy_imag	Zxx_err	Zxy_err	Zyx_err	Zyy_err	rho_xx	rho_xy	rho_yx	rho_yy	phs_xx_deg	phs_xy_deg	phs_yx_deg	phs_yy_deg	rho_err_xx	rho_err_xy	rho_err_yx	rho_err_yy	phs_err_xx_deg	phs_err_xy_deg	phs_err_yx_deg	phs_err_yy_deg	rho_noise_std_log10_xx	rho_noise_std_log10_xy	rho_noise_std_log10_yx	rho_noise_std_log10_yy	phs_noise_std_norm_xx	phs_noise_std_norm_xy	phs_noise_std_norm_yx	phs_noise_std_norm_yy
freq_hz	period_s	Zxx_real	Zxx_imag	Zxy_real	Zxy_imag	Zyx_real	Zyx_imag	Zyy_real	Zyy_imag	Zxx_err	Zxy_err	Zyx_err	Zyy_err	rho_xx	rho_xy	rho_yx	rho_yy	phs_xx_deg	phs_xy_deg	phs_yx_deg	phs_yy_deg	rho_err_xx	rho_err_xy	rho_err_yx	rho_err_yy	phs_err_xx_deg	phs_err_xy_deg	phs_err_yx_deg	phs_err_yy_deg	rho_noise_std_log10_xx	rho_noise_std_log10_xy	rho_noise_std_log10_yx	rho_noise_std_log10_yy	phs_noise_std_norm_xx	phs_noise_std_norm_xy	phs_noise_std_norm_yx	phs_noise_std_norm_yy
1.187840e+00	8.418642e-01	-3.465270e-03	-6.560631e-03	1.678919e-02	1.068596e-02	-7.284058e-02	-8.334140e-02	-3.275723e-02	-3.007260e-02	3.829863e-03	3.848745e-03	3.826539e-03	3.845405e-03	5.869613e+00	4.222995e+01	1.306300e+03	2.108367e+02	6.215736e+01	3.247589e+01	4.884647e+01	4.255332e+01	6.059602e+00	1.633374e+01	9.031997e+01	3.646460e+01	2.957517e+01	1.108046e+01	1.980767e+00	4.954704e+00	4.483518e-01	1.679768e-01	3.002791e-02	7.511202e-02	3.286130e-01	1.231162e-01	2.200852e-02	5.505227e-02
1.684170e+00	5.937643e-01	-3.284681e-03	-1.084057e-02	1.885261e-02	1.816007e-02	-9.265143e-02	-1.114373e-01	-4.285432e-02	-3.058975e-02	2.194461e-03	2.219903e-03	2.158066e-03	2.183085e-03	9.648834e+00	5.152851e+01	1.579416e+03	2.084745e+02	7.314325e+01	4.392807e+01	5.025911e+01	3.551954e+01	3.738587e+00	8.739768e+00	4.703868e+01	1.728778e+01	1.110006e+01	4.858979e+00	8.532008e-01	2.375631e+00	1.682740e-01	7.366084e-02	1.293430e-02	3.601395e-02	1.233340e-01	5.398865e-02	9.480009e-03	2.639591e-02
2.387870e+00	4.187833e-01	-3.260496e-03	-1.284490e-02	2.000090e-02	2.323486e-02	-1.079638e-01	-1.335691e-01	-4.936872e-02	-3.984087e-02	2.061356e-03	2.074165e-03	2.029885e-03	2.042498e-03	9.314920e+00	4.985156e+01	1.564501e+03	2.134610e+02	7.575709e+01	4.927766e+01	5.105140e+01	3.890375e+01	2.897826e+00	6.745474e+00	3.698188e+01	1.374519e+01	8.912219e+00	3.876380e+00	6.771827e-01	1.844696e+00	1.351069e-01	5.876490e-02	1.026591e-02	2.796510e-02	9.902466e-02	4.307089e-02	7.524253e-03	2.049662e-02
3.385610e+00	2.953677e-01	-6.481819e-03	-1.030940e-02	2.082734e-02	3.013293e-02	-1.459171e-01	-1.556884e-01	-6.954322e-02	-4.984770e-02	1.133169e-03	1.132485e-03	1.143079e-03	1.142389e-03	5.547632e+00	5.019401e+01	1.703246e+03	2.738715e+02	5.784123e+01	5.534847e+01	4.685560e+01	3.563248e+01	1.032441e+00	3.103667e+00	1.824868e+01	7.313143e+00	5.331510e+00	1.771397e+00	3.069353e-01	7.649796e-01	8.082429e-02	2.685391e-02	4.653058e-03	1.159689e-02	5.923900e-02	1.968219e-02	3.410392e-03	8.499773e-03
4.800240e+00	2.083229e-01	-7.720287e-03	-1.208349e-02	2.532284e-02	3.756046e-02	-1.724026e-01	-1.828714e-01	-8.522122e-02	-5.359076e-02	1.106474e-03	1.108388e-03	1.116305e-03	1.118235e-03	5.424989e+00	5.414170e+01	1.666561e+03	2.673961e+02	5.742499e+01	5.601260e+01	4.668784e+01	3.216344e+01	8.372293e-01	2.649485e+00	1.480461e+01	5.940383e+00	4.421180e+00	1.401917e+00	2.544887e-01	6.364321e-01	6.702393e-02	2.125269e-02	3.857982e-03	9.648143e-03	4.912423e-02	1.557685e-02	2.827653e-03	7.071467e-03
6.805950e+00	1.469303e-01	-1.028199e-02	-1.327832e-02	3.178239e-02	4.956291e-02	-2.049398e-01	-2.237445e-01	-1.058275e-01	-6.125697e-02	6.556809e-04	6.569670e-04	6.557382e-04	6.570243e-04	5.248337e+00	6.450978e+01	1.713174e+03	2.782385e+02	5.224778e+01	5.732984e+01	4.751173e+01	3.006389e+01	4.098209e-01	1.439617e+00	7.404946e+00	2.990066e+00	2.236995e+00	6.393139e-01	1.238264e-01	3.078621e-01	3.391226e-02	9.691831e-03	1.877175e-03	4.667109e-03	2.485550e-02	7.103488e-03	1.375849e-03	3.420690e-03
9.649720e+00	1.036299e-01	-7.905872e-03	-1.668775e-02	3.869844e-02	6.375481e-02	-2.384361e-01	-2.691711e-01	-1.292172e-01	-5.791993e-02	7.484120e-04	7.554889e-04	7.247301e-04	7.315831e-04	4.475372e+00	7.300384e+01	1.697112e+03	2.631777e+02	6.465060e+01	5.874273e+01	4.846495e+01	2.414368e+01	3.627714e-01	1.479036e+00	6.840838e+00	2.719356e+00	2.322184e+00	5.803977e-01	1.154759e-01	2.960121e-01	3.520370e-02	8.798676e-03	1.750585e-03	4.487466e-03	2.580204e-02	6.448863e-03	1.283066e-03	3.289024e-03
1.368170e+01	7.309033e-02	-1.429294e-02	-1.706018e-02	5.111151e-02	7.714581e-02	-2.983482e-01	-3.327742e-01	-1.513343e-01	-5.469166e-02	2.681086e-04	2.706169e-04	2.660323e-04	2.685212e-04	4.585341e+00	7.927567e+01	1.849089e+03	2.396939e+02	5.004388e+01	5.647428e+01	4.812224e+01	1.986967e+01	1.104744e-01	4.636496e-01	2.201296e+00	7.999672e-01	6.902122e-01	1.675493e-01	3.410462e-02	9.561100e-02	1.046344e-02	2.540004e-03	5.170172e-04	1.449438e-03	7.669024e-03	1.861659e-03	3.789403e-04	1.062344e-03
1.939840e+01	5.155064e-02	-1.648009e-02	-2.075181e-02	6.074723e-02	9.329822e-02	-3.528331e-01	-4.032958e-01	-1.710746e-01	-4.301171e-02	2.643196e-04	2.668051e-04	2.614490e-04	2.639075e-04	4.584842e+00	8.092511e+01	1.874719e+03	2.031588e+02	5.154509e+01	5.693152e+01	4.881816e+01	1.411283e+01	9.146265e-02	3.878716e-01	1.829394e+00	6.078853e-01	5.714945e-01	1.373084e-01	2.795527e-02	8.571932e-02	8.663706e-03	2.081560e-03	4.237946e-04	1.299482e-03	6.349939e-03	1.525649e-03	3.106141e-04	9.524369e-04
2.750380e+01	3.635861e-02	-1.889215e-02	-2.574391e-02	7.397550e-02	1.193667e-01	-4.419997e-01	-5.031801e-01	-1.918421e-01	-2.074161e-02	2.146176e-04	2.165599e-04	2.150525e-04	2.169987e-04	4.695414e+00	9.081169e+01	2.065533e+03	1.714560e+02	5.372695e+01	5.821214e+01	4.870352e+01	6.170741e+00	6.311623e-02	2.800836e-01	1.326476e+00	3.856312e-01	3.850878e-01	8.835650e-02	1.839754e-02	6.443356e-02	5.837830e-03	1.339461e-03	2.789018e-04	9.767958e-04	4.278754e-03	9.817389e-04	2.044171e-04	7.159284e-04
3.899580e+01	2.564379e-02	-1.413522e-02	-1.427091e-02	8.863277e-02	1.366603e-01	-5.359938e-01	-6.020639e-01	-2.123383e-01	2.542719e-03	2.981595e-03	3.024101e-03	3.014459e-03	3.057433e-03	1.310378e+00	8.617060e+01	2.110339e+03	1.464574e+02	4.527370e+01	5.703406e+01	4.832259e+01	6.860755e-01	3.890211e-01	3.199647e+00	1.578381e+01	4.217343e+00	8.504902e+00	1.063740e+00	2.142654e-01	8.249358e-01	1.289321e-01	1.612602e-02	3.248208e-03	1.250581e-02	9.449891e-02	1.181933e-02	2.380727e-03	9.165953e-03
5.528970e+01	1.808655e-02	-2.424388e-02	-4.175850e-02	1.142413e-01	2.050414e-01	-7.300202e-01	-7.270930e-01	-2.069535e-01	6.192250e-02	1.983790e-03	2.041904e-03	2.047670e-03	2.107655e-03	5.340827e+00	1.262011e+02	2.431781e+03	1.068930e+02	5.986168e+01	6.087510e+01	4.488490e+01	1.665770e+01	4.388468e-01	2.195735e+00	9.665739e+00	2.085869e+00	2.353949e+00	4.984360e-01	1.138684e-01	5.590241e-01	3.568525e-02	7.556160e-03	1.726216e-03	8.474659e-03	2.615499e-02	5.538178e-03	1.265205e-03	6.211379e-03
7.839170e+01	1.275645e-02	-3.012008e-02	-5.520402e-02	1.407829e-01	2.588116e-01	-8.862955e-01	-8.186215e-01	-1.960444e-01	1.027690e-01	8.869259e-04	9.144685e-04	8.901252e-04	9.177671e-04	6.389312e+00	1.402414e+02	2.351800e+03	7.915729e+01	6.138251e+01	6.145563e+01	4.272693e+01	2.766410e+01	1.802248e-01	8.705766e-01	3.470175e+00	6.564143e-01	8.080775e-01	1.778375e-01	4.227111e-02	2.375635e-01	1.225024e-02	2.695970e-03	6.408189e-04	3.601401e-03	8.978639e-03	1.975972e-03	4.696790e-04	2.639595e-03
1.111470e+02	8.997094e-03	-3.160950e-02	-7.396993e-02	1.796560e-01	3.367241e-01	-1.087744e+00	-9.075589e-01	-1.655204e-01	1.557883e-01	1.035653e-03	1.077689e-03	9.767027e-04	1.016346e-03	7.373345e+00	1.659782e+02	2.286797e+03	5.887431e+01	6.686157e+01	6.191827e+01	3.983992e+01	4.326510e+01	1.898598e-01	9.373575e-01	3.153279e+00	5.264905e-01	7.376682e-01	1.617882e-01	3.950277e-02	2.561872e-01	1.118286e-02	2.452666e-03	5.988516e-04	3.883730e-03	8.196314e-03	1.797647e-03	4.389196e-04	2.846524e-03
1.575880e+02	6.345661e-03	-1.148900e-02	-3.498556e-02	2.156902e-01	3.697729e-01	-1.250774e+00	-9.315188e-01	-1.403442e-01	1.526922e-01	1.701048e-03	1.728787e-03	1.535505e-03	1.560545e-03	1.089789e+00	1.472791e+02	1.954698e+03	3.456773e+01	7.182021e+01	5.974480e+01	3.667704e+01	4.741292e+01	1.006842e-01	1.189558e+00	3.849148e+00	5.202178e-01	2.646742e+00	2.313861e-01	5.641279e-02	4.311288e-01	4.012391e-02	3.507752e-03	8.552031e-04	6.535799e-03	2.940824e-02	2.570956e-03	6.268088e-04	4.790320e-03
2.234330e+02	4.475615e-03	-6.081378e-02	-1.103846e-01	3.145243e-01	5.226385e-01	-1.501780e+00	-1.060801e+00	-4.294549e-02	2.163241e-01	8.873554e-04	9.238833e-04	8.211984e-04	8.550030e-04	9.003207e+00	2.109091e+02	1.916294e+03	2.757149e+01	6.114846e+01	5.896043e+01	3.523595e+01	7.877142e+01	1.267820e-01	6.388902e-01	1.711751e+00	2.137761e-01	4.034160e-01	8.678079e-02	2.559005e-02	2.221220e-01	6.115680e-03	1.315574e-03	3.879384e-04	3.367311e-03	4.482400e-03	9.642310e-04	2.843339e-04	2.468022e-03
3.167920e+02	3.156645e-03	-4.515240e-02	-1.596143e-01	3.687329e-01	6.675360e-01	-1.659095e+00	-1.192218e+00	-2.393625e-02	2.404500e-01	1.754329e-03	1.822842e-03	1.570410e-03	1.631740e-03	1.100051e+01	2.325074e+02	1.668731e+03	2.334362e+01	7.420462e+01	6.108466e+01	3.570085e+01	8.431507e+01	2.326835e-01	1.111515e+00	2.565395e+00	3.152704e-01	6.059619e-01	1.369530e-01	4.404135e-02	3.869080e-01	9.186223e-03	2.076171e-03	6.676552e-04	5.865423e-03	6.732910e-03	1.521700e-03	4.893483e-04	4.298977e-03
4.491590e+02	2.226383e-03	-5.167205e-02	-2.048959e-01	5.096480e-01	8.347517e-01	-1.896470e+00	-1.353785e+00	6.230823e-02	2.339280e-01	2.932969e-03	2.988293e-03	2.619454e-03	2.668865e-03	1.259083e+01	2.697233e+02	1.530934e+03	1.652503e+01	7.584589e+01	5.859433e+01	3.552093e+01	7.508518e+01	3.495182e-01	1.648229e+00	3.442105e+00	3.643617e-01	7.952577e-01	1.750619e-01	6.441102e-02	6.316598e-01	1.205590e-02	2.653893e-03	9.764542e-04	9.575796e-03	8.836197e-03	1.945132e-03	7.156781e-04	7.018442e-03
6.368330e+02	1.570270e-03	-1.288284e-01	-1.504871e-01	7.114535e-01	9.326923e-01	-2.186364e+00	-1.444541e+00	1.526844e-01	1.432476e-01	2.063906e-03	2.068225e-03	1.857039e-03	1.860926e-03	7.804559e+00	2.736710e+02	1.365666e+03	8.717262e+00	4.943397e+01	5.266378e+01	3.345292e+01	4.317356e+01	1.626247e-01	9.650160e-01	1.935601e+00	1.549678e-01	5.969400e-01	1.010179e-01	4.060353e-02	5.092769e-01	9.049453e-03	1.531405e-03	6.155389e-04	7.720505e-03	6.632667e-03	1.122421e-03	4.511504e-04	5.658633e-03
9.029250e+02	1.107512e-03	-1.995016e-01	-2.656686e-01	9.299654e-01	1.173832e+00	-2.565019e+00	-1.742521e+00	2.460550e-01	1.927610e-01	5.847906e-03	5.833869e-03	5.775107e-03	5.761245e-03	1.548288e+01	3.145816e+02	1.348775e+03	1.370416e+01	5.309559e+01	5.161207e+01	3.418985e+01	3.807538e+01	5.450490e-01	2.450940e+00	5.023878e+00	5.051867e-01	1.008501e+00	2.231989e-01	1.067068e-01	1.056068e+00	1.528862e-02	3.383636e-03	1.617648e-03	1.600972e-02	1.120557e-02	2.479987e-03	1.185631e-03	1.173409e-02
