# export_mt_object_to_txt
# station_id: 29
# lat: 45.793
# lon: 84.199
# profile_pos_m: -9608.691104863361
# n_freq: 20
# columns: freq_hz	period_s	Zxx_real	Zxx_imag	Zxy_real	Zxy_imag	Zyx_real	Zyx_imag	Zyy_real	Zyy_imag	Zxx_err	Zxy_err	Zyx_err	Zyy_err	rho_xx	rho_xy	rho_yx	rho_yy	phs_xx_deg	phs_xy_deg	phs_yx_deg	phs_yy_deg	rho_err_xx	rho_err_xy	rho_err_yx	rho_err_yy	phs_err_xx_deg	phs_err_xy_deg	phs_err_yx_deg	phs_err_yy_deg	rho_noise_std_log10_xx	rho_noise_std_log10_xy	rho_noise_std_log10_yx	rho_noise_std_log10_yy	phs_noise_std_norm_xx	phs_noise_std_norm_xy	phs_noise_std_norm_yx	phs_noise_std_norm_yy
freq_hz	period_s	Zxx_real	Zxx_imag	Zxy_real	Zxy_imag	Zyx_real	Zyx_imag	Zyy_real	Zyy_imag	Zxx_err	Zxy_err	Zyx_err	Zyy_err	rho_xx	rho_xy	rho_yx	rho_yy	phs_xx_deg	phs_xy_deg	phs_yx_deg	phs_yy_deg	rho_err_xx	rho_err_xy	rho_err_yx	rho_err_yy	phs_err_xx_deg	phs_err_xy_deg	phs_err_yx_deg	phs_err_yy_deg	rho_noise_std_log10_xx	rho_noise_std_log10_xy	rho_noise_std_log10_yx	rho_noise_std_log10_yy	phs_noise_std_norm_xx	phs_noise_std_norm_xy	phs_noise_std_norm_yx	phs_noise_std_norm_yy
1.187840e+00	8.418642e-01	9.046090e-03	4.133611e-03	2.156715e-02	1.879431e-02	-2.903348e-02	-3.362254e-02	-7.022540e-03	-4.884929e-03	6.540108e-03	6.572233e-03	7.109860e-03	7.144783e-03	1.054702e+01	8.725713e+01	2.104124e+02	7.802548e+00	2.455803e+01	4.106994e+01	4.918899e+01	3.482275e+01	1.387094e+01	4.009309e+01	6.735237e+01	1.303357e+01	3.767635e+01	1.316319e+01	9.170102e+00	4.785415e+01	5.711636e-01	1.995506e-01	1.390163e-01	7.254564e-01	4.186261e-01	1.462577e-01	1.018900e-01	5.317128e-01
1.684170e+00	5.937643e-01	2.069170e-02	1.216497e-02	3.020522e-02	2.796554e-02	-6.145088e-02	-5.570576e-02	-2.486024e-02	-2.038818e-02	4.577327e-03	4.528217e-03	4.982325e-03	4.928870e-03	4.332584e+01	1.274228e+02	5.173342e+02	7.773610e+01	3.045194e+01	4.279510e+01	4.219258e+01	3.935559e+01	1.652447e+01	2.803451e+01	6.215267e+01	2.383422e+01	1.092630e+01	6.302873e+00	3.441765e+00	8.783564e+00	1.656399e-01	9.554990e-02	5.217625e-02	1.331565e-01	1.214034e-01	7.003192e-02	3.824183e-02	9.759516e-02
2.387870e+00	4.187833e-01	2.514592e-02	1.997818e-02	4.173719e-02	3.480324e-02	-7.582435e-02	-7.893824e-02	-4.109506e-02	-2.454279e-02	4.047695e-03	3.972294e-03	4.421660e-03	4.339293e-03	5.470735e+01	1.566394e+02	6.354441e+02	1.215216e+02	3.846678e+01	3.982360e+01	4.615266e+01	3.084649e+01	1.378988e+01	2.289927e+01	5.133976e+01	2.203310e+01	7.221166e+00	4.188064e+00	2.314563e+00	5.194152e+00	1.094710e-01	6.348994e-02	3.508817e-02	7.874198e-02	8.023518e-02	4.653404e-02	2.571737e-02	5.771280e-02
3.385610e+00	2.953677e-01	3.804505e-02	3.116970e-02	5.423599e-02	5.425541e-02	-1.061282e-01	-1.135781e-01	-5.437798e-02	-3.592732e-02	2.331817e-03	2.322747e-03	2.546407e-03	2.536501e-03	9.049090e+01	2.201578e+02	9.039153e+02	1.589026e+02	3.932721e+01	4.501026e+01	4.694207e+01	3.345259e+01	8.580521e+00	1.333170e+01	2.961477e+01	1.236851e+01	2.716448e+00	1.734779e+00	9.385841e-01	2.229867e+00	4.118064e-02	2.629880e-02	1.422869e-02	3.380420e-02	3.018276e-02	1.927532e-02	1.042871e-02	2.477630e-02
4.800240e+00	2.083229e-01	5.004428e-02	4.059909e-02	7.123318e-02	7.040678e-02	-1.394693e-01	-1.397850e-01	-7.586754e-02	-4.895397e-02	2.134597e-03	2.134240e-03	2.336021e-03	2.335630e-03	1.095670e+02	2.646694e+02	1.028768e+03	2.150956e+02	3.905115e+01	4.466571e+01	4.506477e+01	3.283236e+01	7.258708e+00	1.127973e+01	2.434104e+01	1.112816e+01	1.897896e+00	1.220921e+00	6.778198e-01	1.482124e+00	2.877160e-02	1.850885e-02	1.027557e-02	2.246861e-02	2.108773e-02	1.356579e-02	7.531331e-03	1.646805e-02
6.805950e+00	1.469303e-01	6.530505e-02	5.121230e-02	9.156602e-02	1.013726e-01	-1.829036e-01	-1.821334e-01	-9.949902e-02	-7.284342e-02	8.858124e-04	8.876144e-04	9.647008e-04	9.666633e-04	1.281681e+02	3.472565e+02	1.239845e+03	2.829716e+02	3.810359e+01	4.790970e+01	4.487911e+01	3.620793e+01	2.736040e+00	4.512740e+00	9.267594e+00	4.436468e+00	6.115545e-01	3.722910e-01	2.141373e-01	4.491457e-01	9.271006e-03	5.643834e-03	3.246266e-03	6.808930e-03	6.795050e-03	4.136567e-03	2.379304e-03	4.990507e-03
9.649720e+00	1.036299e-01	8.123679e-02	5.876315e-02	1.123145e-01	1.243069e-01	-2.235151e-01	-2.149943e-01	-1.173230e-01	-8.881801e-02	9.152391e-04	9.388685e-04	9.940462e-04	1.019710e-03	1.319382e+02	3.683730e+02	1.262372e+03	2.841975e+02	3.588034e+01	4.790136e+01	4.388681e+01	3.712712e+01	2.408783e+00	4.128825e+00	8.092411e+00	3.938807e+00	5.230216e-01	3.210933e-01	1.836468e-01	3.970426e-01	7.928870e-03	4.867690e-03	2.784037e-03	6.019062e-03	5.811351e-03	3.567703e-03	2.040520e-03	4.411585e-03
1.368170e+01	7.309033e-02	9.840483e-02	6.795305e-02	1.479821e-01	1.594054e-01	-2.828620e-01	-2.659720e-01	-1.479170e-01	-1.032961e-01	3.583918e-04	3.586239e-04	3.886612e-04	3.889129e-04	1.323855e+02	4.379374e+02	1.395512e+03	3.013108e+02	3.462686e+01	4.712827e+01	4.323732e+01	3.492808e+01	7.934936e-01	1.444143e+00	2.793850e+00	1.299047e+00	1.717100e-01	9.446934e-02	5.735380e-02	1.235102e-01	2.603078e-03	1.432130e-03	8.694686e-04	1.872382e-03	1.907889e-03	1.049659e-03	6.372645e-04	1.372335e-03
1.939840e+01	5.155064e-02	1.135146e-01	7.357282e-02	1.805528e-01	1.861935e-01	-3.341502e-01	-3.056178e-01	-1.730120e-01	-1.134160e-01	4.277577e-04	4.306486e-04	4.633060e-04	4.664371e-04	1.194705e+02	4.391861e+02	1.338820e+03	2.794158e+02	3.294869e+01	4.588116e+01	4.244642e+01	3.324638e+01	7.555798e-01	1.458477e+00	2.739563e+00	1.260001e+00	1.811809e-01	9.513571e-02	5.862078e-02	1.291851e-01	2.746655e-03	1.442232e-03	8.886756e-04	1.958412e-03	2.013121e-03	1.057063e-03	6.513420e-04	1.435390e-03
2.750380e+01	3.635861e-02	1.373247e-01	7.900792e-02	2.272105e-01	2.211672e-01	-4.182008e-01	-3.602649e-01	-2.090161e-01	-1.200244e-01	2.583074e-04	2.594272e-04	2.786808e-04	2.798889e-04	1.155838e+02	4.629719e+02	1.403025e+03	2.675136e+02	2.991339e+01	4.422781e+01	4.074371e+01	2.986596e+01	3.768982e-01	7.575853e-01	1.416702e+00	6.212944e-01	9.341566e-02	4.687805e-02	2.892716e-02	6.653409e-02	1.416157e-03	7.106589e-04	4.385282e-04	1.008639e-03	1.037952e-03	5.208672e-04	3.214129e-04	7.392677e-04
3.899580e+01	2.564379e-02	1.617801e-01	7.995298e-02	2.802835e-01	2.566992e-01	-5.156428e-01	-4.063063e-01	-2.452829e-01	-1.212172e-01	1.280374e-03	1.301783e-03	1.374900e-03	1.397890e-03	1.057663e+02	4.691589e+02	1.399722e+03	2.431233e+02	2.629893e+01	4.248519e+01	3.823672e+01	2.629827e+01	1.500848e+00	3.213845e+00	5.862976e+00	2.484348e+00	4.065200e-01	1.962445e-01	1.199966e-01	2.927376e-01	6.162736e-03	2.975015e-03	1.819117e-03	4.437824e-03	4.516889e-03	2.180495e-03	1.333296e-03	3.252639e-03
5.528970e+01	1.808655e-02	1.843912e-01	7.620765e-02	3.419263e-01	2.904806e-01	-6.262346e-01	-4.489498e-01	-2.756818e-01	-1.072106e-01	1.542683e-03	1.547240e-03	1.686714e-03	1.691697e-03	9.118706e+01	4.610986e+02	1.360041e+03	2.004229e+02	2.245498e+01	4.034928e+01	3.563687e+01	2.125069e+01	1.410121e+00	3.180297e+00	5.954296e+00	2.292499e+00	4.430122e-01	1.975907e-01	1.254213e-01	3.276835e-01	6.715948e-03	2.995423e-03	1.901353e-03	4.967596e-03	4.922358e-03	2.195452e-03	1.393570e-03	3.640928e-03
7.839170e+01	1.275645e-02	2.093906e-01	7.390668e-02	3.960730e-01	3.274708e-01	-7.332642e-01	-4.893181e-01	-3.003012e-01	-1.028782e-01	9.349779e-04	9.459990e-04	9.980109e-04	1.009775e-03	7.966096e+01	4.267039e+02	1.255515e+03	1.627978e+02	1.944103e+01	3.958374e+01	3.371577e+01	1.891061e+01	6.708481e-01	1.570920e+00	2.842800e+00	1.035736e+00	2.412522e-01	1.054679e-01	6.486599e-02	1.822607e-01	3.657320e-03	1.598865e-03	9.833513e-04	2.763024e-03	2.680580e-03	1.171865e-03	7.207332e-04	2.025119e-03
1.111470e+02	8.997094e-03	2.357722e-01	5.934871e-02	4.699878e-01	3.735366e-01	-8.698198e-01	-5.045599e-01	-3.222606e-01	-9.834870e-02	7.038297e-04	7.148970e-04	7.497319e-04	7.615210e-04	6.735647e+01	4.106947e+02	1.152220e+03	1.293605e+02	1.412899e+01	3.847695e+01	3.011691e+01	1.697134e+01	3.899810e-01	9.781136e-01	1.718146e+00	5.847483e-01	1.658658e-01	6.822802e-02	4.271861e-02	1.294971e-01	2.514482e-03	1.034319e-03	6.476029e-04	1.963142e-03	1.842953e-03	7.580892e-04	4.746512e-04	1.438856e-03
1.575880e+02	6.345661e-03	2.585278e-01	3.772174e-02	5.425265e-01	4.252297e-01	-9.930412e-01	-5.061608e-01	-3.461732e-01	-9.537244e-02	5.712163e-04	5.810148e-04	6.008656e-04	6.111726e-04	5.485932e+01	3.818763e+02	9.984446e+02	1.036208e+02	8.301436e+00	3.808918e+01	2.700829e+01	1.540315e+01	2.398829e-01	6.437572e-01	1.076497e+00	3.527451e-01	1.252684e-01	4.829387e-02	3.088741e-02	9.752289e-02	1.899036e-03	7.321224e-04	4.682451e-04	1.478421e-03	1.391871e-03	5.365986e-04	3.431935e-04	1.083588e-03
2.234330e+02	4.475615e-03	2.714733e-01	3.544161e-03	6.363389e-01	4.858420e-01	-1.108057e+00	-4.895333e-01	-3.732195e-01	-9.046989e-02	7.438192e-04	7.652412e-04	7.897308e-04	8.124751e-04	4.178220e+01	3.633293e+02	8.318043e+02	8.359666e+01	7.479701e-01	3.736158e+01	2.383557e+01	1.362590e+01	2.289415e-01	6.945604e-01	1.084554e+00	3.537252e-01	1.569733e-01	5.476489e-02	3.735275e-02	1.212187e-01	2.379674e-03	8.302214e-04	5.662579e-04	1.837644e-03	1.744148e-03	6.084988e-04	4.150306e-04	1.346875e-03
3.167920e+02	3.156645e-03	2.746786e-01	-2.672709e-02	7.346497e-01	5.460624e-01	-1.201832e+00	-4.777801e-01	-4.011303e-01	-7.950750e-02	7.444741e-04	7.776964e-04	7.727868e-04	8.072726e-04	3.044937e+01	3.349850e+02	6.687245e+02	6.685629e+01	5.557562e+00	3.662328e+01	2.167996e+01	1.121121e+01	1.642808e-01	5.692077e-01	7.991556e-01	2.639608e-01	1.545614e-01	4.867860e-02	3.423551e-02	1.131071e-01	2.343110e-03	7.379548e-04	5.190013e-04	1.714673e-03	1.717349e-03	5.408733e-04	3.803945e-04	1.256745e-03
4.491590e+02	2.226383e-03	2.547179e-01	-6.133626e-02	8.685418e-01	6.138999e-01	-1.277607e+00	-4.652033e-01	-4.292718e-01	-5.816138e-02	1.592135e-03	1.686481e-03	1.647471e-03	1.745096e-03	1.935569e+01	3.189805e+02	5.212849e+02	5.291455e+01	1.353910e+01	3.525331e+01	2.000762e+01	7.715932e+00	2.352443e-01	1.011576e+00	1.263253e+00	4.263261e-01	3.481795e-01	9.085043e-02	6.942371e-02	2.308126e-01	5.278309e-03	1.377269e-03	1.052445e-03	3.499058e-03	3.868661e-03	1.009449e-03	7.713746e-04	2.564584e-03
6.368330e+02	1.570270e-03	2.451441e-01	-8.987216e-02	9.768931e-01	6.737706e-01	-1.329565e+00	-4.870981e-01	-4.480882e-01	-3.203005e-02	1.659508e-03	1.764946e-03	1.707990e-03	1.816509e-03	1.355797e+01	2.800760e+02	3.987500e+02	4.013518e+01	2.013342e+01	3.459432e+01	2.012077e+01	4.088639e+00	1.723451e-01	8.330894e-01	9.619623e-01	3.245805e-01	3.641638e-01	8.521349e-02	6.911145e-02	2.316807e-01	5.520628e-03	1.291814e-03	1.047711e-03	3.512218e-03	4.046265e-03	9.468166e-04	7.679050e-04	2.574230e-03
9.029250e+02	1.107512e-03	2.126797e-01	-8.074302e-02	1.019153e+00	6.979355e-01	-1.277878e+00	-5.261521e-01	-4.832820e-01	-4.454533e-02	3.931307e-02	4.111340e-02	4.029390e-02	4.213915e-02	7.259159e+00	2.140189e+02	2.678850e+02	3.303953e+01	2.078907e+01	3.440410e+01	2.237887e+01	5.266218e+00	2.508935e+00	1.424685e+01	1.562150e+01	5.737359e+00	9.901379e+00	1.907038e+00	1.670579e+00	4.974745e+00	1.501023e-01	2.891019e-02	2.532554e-02	7.541582e-02	1.100153e-01	2.118931e-02	1.856199e-02	5.527494e-02
