# export_mt_object_to_txt
# station_id: 08-34
# lat: 45.827000000000005
# lon: 84.161
# profile_pos_m: -14405.263218861883
# n_freq: 39
# columns: freq_hz	period_s	Zxx_real	Zxx_imag	Zxy_real	Zxy_imag	Zyx_real	Zyx_imag	Zyy_real	Zyy_imag	Zxx_err	Zxy_err	Zyx_err	Zyy_err	rho_xx	rho_xy	rho_yx	rho_yy	phs_xx_deg	phs_xy_deg	phs_yx_deg	phs_yy_deg	rho_err_xx	rho_err_xy	rho_err_yx	rho_err_yy	phs_err_xx_deg	phs_err_xy_deg	phs_err_yx_deg	phs_err_yy_deg	rho_noise_std_log10_xx	rho_noise_std_log10_xy	rho_noise_std_log10_yx	rho_noise_std_log10_yy	phs_noise_std_norm_xx	phs_noise_std_norm_xy	phs_noise_std_norm_yx	phs_noise_std_norm_yy
freq_hz	period_s	Zxx_real	Zxx_imag	Zxy_real	Zxy_imag	Zyx_real	Zyx_imag	Zyy_real	Zyy_imag	Zxx_err	Zxy_err	Zyx_err	Zyy_err	rho_xx	rho_xy	rho_yx	rho_yy	phs_xx_deg	phs_xy_deg	phs_yx_deg	phs_yy_deg	rho_err_xx	rho_err_xy	rho_err_yx	rho_err_yy	phs_err_xx_deg	phs_err_xy_deg	phs_err_yx_deg	phs_err_yy_deg	rho_noise_std_log10_xx	rho_noise_std_log10_xy	rho_noise_std_log10_yx	rho_noise_std_log10_yy	phs_noise_std_norm_xx	phs_noise_std_norm_xy	phs_noise_std_norm_yx	phs_noise_std_norm_yy
1.187840e+00	8.418642e-01	9.670419e-03	3.375522e-03	2.440743e-02	1.774087e-02	-3.864647e-02	-2.844092e-02	-5.611079e-03	5.191792e-03	1.604073e-03	1.609557e-03	1.743458e-03	1.749418e-03	1.118598e+01	9.707642e+01	2.454934e+02	6.230952e+00	1.924187e+01	3.601204e+01	3.635029e+01	4.277732e+01	3.503623e+00	1.035665e+01	1.783970e+01	2.851852e+00	8.972967e+00	3.056317e+00	2.081807e+00	1.311189e+01	1.360278e-01	4.633296e-02	3.155964e-02	1.987728e-01	9.969963e-02	3.395908e-02	2.313118e-02	1.456877e-01
1.414400e+00	7.070136e-01	8.789977e-03	5.477632e-03	2.841659e-02	2.587231e-02	-4.254671e-02	-3.414681e-02	-5.726799e-03	3.380160e-03	1.034718e-03	1.051056e-03	1.111958e-03	1.129516e-03	9.605253e+00	1.322461e+02	2.665042e+02	3.959802e+00	3.192984e+01	4.231677e+01	3.874956e+01	3.055061e+01	1.919223e+00	7.233800e+00	1.086400e+01	1.345173e+00	5.724128e+00	1.567026e+00	1.167826e+00	9.731894e+00	8.677628e-02	2.375570e-02	1.770394e-02	1.475329e-01	6.360142e-02	1.741140e-02	1.297584e-02	1.081322e-01
1.684170e+00	5.937643e-01	8.737771e-03	7.674442e-03	3.010264e-02	2.940019e-02	-4.568565e-02	-3.691783e-02	-7.021243e-03	3.441996e-03	8.973396e-04	8.993117e-04	9.584955e-04	9.606019e-04	1.017063e+01	1.331466e+02	2.594517e+02	4.598187e+00	4.129305e+01	4.432364e+01	3.894111e+01	2.611530e+01	1.569542e+00	5.691378e+00	8.467604e+00	1.129741e+00	4.420972e+00	1.224560e+00	9.349676e-01	7.038578e+00	6.702077e-02	1.856401e-02	1.417386e-02	1.067030e-01	4.912191e-02	1.360622e-02	1.038853e-02	7.820643e-02
2.005380e+00	4.986586e-01	1.118482e-02	8.216929e-03	3.617763e-02	2.996679e-02	-5.328023e-02	-3.829750e-02	-6.913670e-03	8.525523e-03	8.471993e-04	8.489702e-04	9.130227e-04	9.149312e-04	1.216496e+01	1.393742e+02	2.719163e+02	7.609230e+00	3.630288e+01	3.963576e+01	3.570835e+01	5.096009e+01	1.485175e+00	5.037562e+00	7.567214e+00	1.268515e+00	3.497516e+00	1.035454e+00	7.972478e-01	4.775815e+00	5.302143e-02	1.569721e-02	1.208607e-02	7.240010e-02	3.886129e-02	1.150504e-02	8.858309e-03	5.306461e-02
2.387870e+00	4.187833e-01	1.005268e-02	8.712194e-03	3.752681e-02	3.426370e-02	-5.319447e-02	-4.137693e-02	-7.777101e-03	7.816177e-03	8.145107e-04	8.156986e-04	8.725286e-04	8.738011e-04	9.385806e+00	1.369620e+02	2.408897e+02	6.448329e+00	4.091396e+01	4.239751e+01	3.787730e+01	4.514358e+01	1.149377e+00	4.397031e+00	6.237615e+00	1.022035e+00	3.508192e+00	9.197126e-01	7.418106e-01	4.540581e+00	5.318328e-02	1.394260e-02	1.124565e-02	6.883402e-02	3.897992e-02	1.021903e-02	8.242340e-03	5.045090e-02
2.843310e+00	3.517028e-01	1.183368e-02	1.158838e-02	4.128278e-02	3.919843e-02	-5.952163e-02	-4.389117e-02	-6.916563e-03	9.765298e-03	5.504376e-04	5.463591e-04	5.846557e-04	5.803237e-04	1.221952e+01	1.443565e+02	2.436209e+02	6.378649e+00	4.439996e+01	4.351645e+01	3.640501e+01	5.469083e+01	8.121910e-01	2.770890e+00	3.851948e+00	6.186680e-01	1.904130e+00	5.498899e-01	4.529587e-01	2.778572e+00	2.886612e-02	8.336186e-03	6.866734e-03	4.212242e-02	2.115700e-02	6.109888e-03	5.032874e-03	3.087302e-02
3.385610e+00	2.953677e-01	1.339134e-02	1.260078e-02	4.833750e-02	4.332140e-02	-6.751602e-02	-4.586767e-02	-5.749049e-03	1.231235e-02	5.135211e-04	5.114129e-04	5.426960e-04	5.404681e-04	1.264819e+01	1.576127e+02	2.492267e+02	6.907358e+00	4.325788e+01	4.186757e+01	3.419061e+01	6.497054e+01	7.064625e-01	2.483614e+00	3.314138e+00	5.494684e-01	1.600123e+00	4.514247e-01	3.809505e-01	2.278890e+00	2.425744e-02	6.843481e-03	5.775110e-03	3.454738e-02	1.777914e-02	5.015830e-03	4.232784e-03	2.532100e-02
4.031340e+00	2.480565e-01	1.488053e-02	1.500335e-02	5.098868e-02	4.847517e-02	-7.014108e-02	-4.863548e-02	-3.830372e-03	1.406593e-02	4.823195e-04	4.798467e-04	5.061486e-04	5.035536e-04	1.402853e+01	1.555029e+02	2.288765e+02	6.676750e+00	4.523547e+01	4.355241e+01	3.473725e+01	7.476684e+01	6.404001e-01	2.121203e+00	2.714495e+00	4.612525e-01	1.307771e+00	3.907836e-01	3.397665e-01	1.979093e+00	1.982547e-02	5.924176e-03	5.150770e-03	3.000253e-02	1.453079e-02	4.342040e-03	3.775183e-03	2.198992e-02
4.800240e+00	2.083229e-01	1.662833e-02	1.656879e-02	5.746136e-02	5.401779e-02	-7.602140e-02	-5.019613e-02	-2.945192e-03	1.629516e-02	4.590131e-04	4.531885e-04	4.799604e-04	4.738700e-04	1.453849e+01	1.641039e+02	2.189616e+02	7.234774e+00	4.489724e+01	4.323071e+01	3.343636e+01	7.975495e+01	5.685759e-01	1.886001e+00	2.307242e+00	4.140715e-01	1.120370e+00	3.292424e-01	3.018684e-01	1.639619e+00	1.698452e-02	4.991228e-03	4.576246e-03	2.485620e-02	1.244856e-02	3.658249e-03	3.354094e-03	1.821799e-02
5.715780e+00	1.749542e-01	1.886984e-02	1.903185e-02	6.446423e-02	5.981971e-02	-8.109543e-02	-5.278213e-02	-3.324403e-04	1.676195e-02	2.826574e-04	2.803115e-04	2.932691e-04	2.908351e-04	1.591585e+01	1.713724e+02	2.074546e+02	6.228085e+00	4.524492e+01	4.285984e+01	3.305867e+01	8.886380e+01	3.357165e-01	1.092468e+00	1.257550e+00	2.160835e-01	6.042762e-01	1.826251e-01	1.736580e-01	9.939388e-01	9.160669e-03	2.768548e-03	2.632610e-03	1.506785e-02	6.714180e-03	2.029168e-03	1.929534e-03	1.104376e-02
6.805950e+00	1.469303e-01	2.141880e-02	2.168272e-02	7.223693e-02	6.927104e-02	-8.503521e-02	-5.769279e-02	2.000769e-03	1.727203e-02	2.134493e-04	2.119706e-04	2.203954e-04	2.188687e-04	1.728593e+01	1.863992e+02	1.965000e+02	5.625965e+00	4.535083e+01	4.379930e+01	3.415523e+01	8.339238e+01	2.421207e-01	7.895661e-01	8.428973e-01	1.416357e-01	4.012654e-01	1.213492e-01	1.228866e-01	7.212211e-01	6.083078e-03	1.839623e-03	1.862929e-03	1.093352e-02	4.458504e-03	1.348325e-03	1.365407e-03	8.013568e-03
8.104040e+00	1.233952e-01	2.491827e-02	2.394335e-02	8.085833e-02	7.508441e-02	-9.072541e-02	-6.212616e-02	4.937668e-03	1.746083e-02	1.757770e-04	1.769115e-04	1.802664e-04	1.814298e-04	1.866325e+01	1.902847e+02	1.889567e+02	5.145759e+00	4.385694e+01	4.287954e+01	3.440223e+01	7.420987e+01	1.898629e-01	6.101580e-01	6.195556e-01	1.029005e-01	2.914376e-01	9.186095e-02	9.393137e-02	5.728764e-01	4.418117e-03	1.392588e-03	1.423975e-03	8.684656e-03	3.238195e-03	1.020677e-03	1.043682e-03	6.365293e-03
9.649720e+00	1.036299e-01	2.702043e-02	2.571767e-02	8.689726e-02	8.022218e-02	-9.373376e-02	-6.664526e-02	7.769948e-03	1.681170e-02	2.105368e-04	2.143967e-04	2.166199e-04	2.205914e-04	1.826331e+01	1.835743e+02	1.736109e+02	4.501907e+00	4.358495e+01	4.271271e+01	3.541306e+01	6.519480e+01	2.061557e-01	6.655824e-01	6.539801e-01	1.072419e-01	3.233766e-01	1.038682e-01	1.079146e-01	6.824340e-01	4.902305e-03	1.574615e-03	1.635957e-03	1.034552e-02	3.593074e-03	1.154091e-03	1.199051e-03	7.582600e-03
1.149020e+01	8.703069e-02	3.039912e-02	2.805619e-02	9.559271e-02	8.667058e-02	-9.829985e-02	-7.299093e-02	1.098344e-02	1.534353e-02	1.248469e-04	1.265186e-04	1.286496e-04	1.303722e-04	1.886244e+01	1.835230e+02	1.652342e+02	3.924693e+00	4.270477e+01	4.219750e+01	3.659512e+01	5.440357e+01	1.138540e-01	3.598909e-01	3.472401e-01	5.423244e-02	1.729191e-01	5.617887e-02	6.020362e-02	3.958641e-01	2.621408e-03	8.516568e-04	9.126711e-04	6.001196e-03	1.921323e-03	6.242096e-04	6.689291e-04	4.398490e-03
1.368170e+01	7.309033e-02	3.523394e-02	3.018484e-02	1.067944e-01	9.426389e-02	-1.043686e-01	-8.191851e-02	1.409837e-02	1.317580e-02	9.841570e-05	9.941474e-05	1.006366e-04	1.016582e-04	1.992620e+01	1.878312e+02	1.629551e+02	3.446988e+00	4.058660e+01	4.143378e+01	3.812823e+01	4.306266e+01	8.453600e-02	2.621801e-01	2.472038e-01	3.631847e-02	1.215374e-01	3.998753e-02	4.345901e-02	3.018425e-01	1.842475e-03	6.062005e-04	6.588272e-04	4.575853e-03	1.350415e-03	4.443059e-04	4.828779e-04	3.353806e-03
1.629120e+01	6.138283e-02	3.892085e-02	3.158978e-02	1.151056e-01	9.991018e-02	-1.099181e-01	-9.026425e-02	1.612400e-02	1.106739e-02	1.171676e-04	1.185451e-04	1.203075e-04	1.217219e-04	1.953466e+01	1.806057e+02	1.572697e+02	2.973412e+00	3.906422e+01	4.095756e+01	3.939268e+01	3.446541e+01	9.132068e-02	2.809363e-01	2.660566e-01	3.701306e-02	1.339232e-01	4.456244e-02	4.846425e-02	3.566091e-01	2.030240e-03	6.755549e-04	7.347053e-04	5.406101e-03	1.488036e-03	4.951382e-04	5.384917e-04	3.962324e-03
1.939840e+01	5.155064e-02	4.360019e-02	3.292381e-02	1.244680e-01	1.072715e-01	-1.164124e-01	-1.000720e-01	1.748418e-02	8.548233e-03	1.052397e-04	1.072295e-04	1.085457e-04	1.105980e-04	1.948866e+01	1.762784e+02	1.538632e+02	2.472969e+00	3.705754e+01	4.075608e+01	4.068346e+01	2.605458e+01	7.507975e-02	2.300732e-01	2.175867e-01	2.810664e-02	1.103655e-01	3.739034e-02	4.051260e-02	3.255988e-01	1.673112e-03	5.668278e-04	6.141604e-04	4.935993e-03	1.226284e-03	4.154483e-04	4.501400e-04	3.617765e-03
2.309830e+01	4.329323e-02	4.930967e-02	3.403333e-02	1.348388e-01	1.150710e-01	-1.255534e-01	-1.121801e-01	1.807787e-02	6.082672e-03	7.250120e-05	7.403648e-05	7.480324e-05	7.638726e-05	1.968293e+01	1.722962e+02	1.554365e+02	1.994816e+00	3.461328e+01	4.047735e+01	4.178032e+01	1.859657e+01	4.763599e-02	1.439225e-01	1.381154e-01	1.597782e-02	6.933270e-02	2.393016e-02	2.545550e-02	2.294602e-01	1.051065e-03	3.627750e-04	3.858987e-04	3.478556e-03	7.703633e-04	2.658907e-04	2.828389e-04	2.549557e-03
2.750380e+01	3.635861e-02	5.594628e-02	3.421457e-02	1.476575e-01	1.243721e-01	-1.378183e-01	-1.265999e-01	1.778539e-02	3.193627e-03	7.036588e-05	7.232842e-05	7.318143e-05	7.522251e-05	1.980382e+01	1.716289e+02	1.612691e+02	1.503579e+00	3.144834e+01	4.010748e+01	4.257059e+01	1.017981e+01	4.249868e-02	1.286006e-01	1.261291e-01	1.251843e-02	6.147790e-02	2.146571e-02	2.240561e-02	2.385152e-01	9.319888e-04	3.254145e-04	3.396631e-04	3.615827e-03	6.830878e-04	2.385078e-04	2.489512e-04	2.650169e-03
3.274950e+01	3.053482e-02	6.265521e-02	3.394698e-02	1.611597e-01	1.351455e-01	-1.511963e-01	-1.408017e-01	1.616647e-02	6.477343e-04	6.907878e-05	7.126585e-05	7.016442e-05	7.238586e-05	1.963833e+01	1.710759e+02	1.650765e+02	1.012355e+00	2.844911e+01	3.998256e+01	4.296124e+01	2.294415e+00	3.807410e-02	1.159334e-01	1.121224e-01	9.058431e-03	5.554153e-02	1.941388e-02	1.945807e-02	2.563379e-01	8.419950e-04	2.943094e-04	2.949792e-04	3.886015e-03	6.171281e-04	2.157098e-04	2.162008e-04	2.848198e-03
3.899580e+01	2.564379e-02	6.882103e-02	3.110222e-02	1.747722e-01	1.446011e-01	-1.659474e-01	-1.542523e-01	1.465259e-02	9.417385e-05	3.474631e-04	3.673031e-04	3.610440e-04	3.816594e-04	1.852455e+01	1.671162e+02	1.667182e+02	6.973317e-01	2.431959e+01	3.960331e+01	4.290824e+01	3.682413e-01	1.704546e-01	5.412028e-01	5.313465e-01	3.632636e-02	2.636050e-01	9.277570e-02	9.130349e-02	1.492365e+00	3.996183e-03	1.406455e-03	1.384137e-03	2.262387e-02	2.928945e-03	1.030841e-03	1.014483e-03	1.658184e-02
4.643350e+01	2.153618e-02	7.546688e-02	2.813403e-02	1.862250e-01	1.564747e-01	-1.790355e-01	-1.677703e-01	1.160474e-02	-1.219476e-03	3.077627e-04	3.284483e-04	3.106224e-04	3.315001e-04	1.769325e+01	1.613753e+02	1.642024e+02	3.713809e-01	2.044544e+01	4.003852e+01	4.313954e+01	5.998869e+00	1.352195e-01	4.358177e-01	4.157592e-01	2.110148e-02	2.189396e-01	7.736785e-02	7.253625e-02	1.627744e+00	3.319066e-03	1.172876e-03	1.099631e-03	2.467617e-02	2.432662e-03	8.596428e-04	8.059584e-04	1.808604e-02
5.528970e+01	1.808655e-02	8.210726e-02	2.227971e-02	2.060602e-01	1.696499e-01	-1.993459e-01	-1.841688e-01	8.028053e-03	7.349672e-04	3.486159e-04	3.688032e-04	3.655470e-04	3.867147e-04	1.657997e+01	1.631930e+02	1.687252e+02	1.488714e-01	1.518158e+01	3.946471e+01	4.273378e+01	5.230840e+00	1.358789e-01	4.509813e-01	4.545128e-01	1.428267e-02	2.347799e-01	7.916797e-02	7.717185e-02	2.748468e+00	3.559202e-03	1.200166e-03	1.169905e-03	4.166605e-02	2.608666e-03	8.796442e-04	8.574650e-04	3.053853e-02
6.583500e+01	1.518949e-02	8.507447e-02	1.878071e-02	2.180977e-01	1.799892e-01	-2.110828e-01	-1.966752e-01	6.035362e-03	3.162632e-03	3.555053e-04	3.791292e-04	3.595794e-04	3.834741e-04	1.460216e+01	1.538300e+02	1.601291e+02	8.931654e-02	1.244874e+01	3.953180e+01	4.297636e+01	2.765530e+01	1.191684e-01	4.124910e-01	3.991505e-01	1.005330e-02	2.337959e-01	7.681854e-02	7.141001e-02	3.224552e+00	3.544285e-03	1.164549e-03	1.082557e-03	4.888337e-02	2.597732e-03	8.535394e-04	7.934445e-04	3.582836e-02
7.839170e+01	1.275645e-02	8.874607e-02	1.207310e-02	2.355584e-01	1.960344e-01	-2.280163e-01	-2.141395e-01	5.054348e-03	5.204724e-03	2.530594e-04	2.722146e-04	2.561593e-04	2.755493e-04	1.295993e+01	1.517349e+02	1.580841e+02	8.503929e-02	7.747018e+00	3.976762e+01	4.320239e+01	4.583977e+01	7.323585e-02	2.695593e-01	2.589133e-01	6.459653e-03	1.618877e-01	5.089340e-02	4.692008e-02	2.176117e+00	2.454175e-03	7.715305e-04	7.112961e-04	3.298936e-02	1.798752e-03	5.654822e-04	5.213342e-04	2.417907e-02
9.334330e+01	1.071314e-02	9.117074e-02	5.477525e-03	2.567596e-01	2.115814e-01	-2.456992e-01	-2.356633e-01	2.802460e-03	9.830840e-03	2.868954e-04	3.072377e-04	2.918729e-04	3.125682e-04	1.131887e+01	1.501911e+02	1.572644e+02	1.417882e-01	3.438189e+00	3.949005e+01	4.380561e+01	7.408883e+01	7.110802e-02	2.773896e-01	2.696513e-01	8.670784e-03	1.799734e-01	5.291011e-02	4.912073e-02	1.751906e+00	2.728349e-03	8.021034e-04	7.446574e-04	2.655844e-02	1.999704e-03	5.878901e-04	5.457859e-04	1.946563e-02
1.111470e+02	8.997094e-03	9.219491e-02	-2.428436e-03	2.799643e-01	2.279927e-01	-2.646962e-01	-2.597761e-01	3.366682e-03	1.545678e-02	2.630319e-04	2.827034e-04	2.657277e-04	2.856008e-04	9.692318e+00	1.485453e+02	1.567349e+02	2.851549e-01	1.508836e+00	3.915811e+01	4.446252e+01	7.771218e+01	5.528516e-02	2.326199e-01	2.245980e-01	1.029642e-02	1.634081e-01	4.486219e-02	4.105186e-02	1.034422e+00	2.477224e-03	6.800989e-04	6.223354e-04	1.568157e-02	1.815646e-03	4.984687e-04	4.561318e-04	1.149358e-02
1.323450e+02	7.556009e-03	9.241078e-02	-8.079500e-03	2.990281e-01	2.421501e-01	-2.809036e-01	-2.799274e-01	3.299597e-03	1.890493e-02	2.971628e-04	3.195446e-04	3.016891e-04	3.244117e-04	8.234840e+00	1.416851e+02	1.505005e+02	3.524399e-01	4.996680e+00	3.900021e+01	4.490027e+01	8.009953e+01	5.275983e-02	2.353287e-01	2.289865e-01	1.191572e-02	1.835443e-01	4.758206e-02	4.358776e-02	9.685633e-01	2.782483e-03	7.213316e-04	6.607791e-04	1.468317e-02	2.039381e-03	5.286896e-04	4.843085e-04	1.076181e-02
1.575880e+02	6.345661e-03	9.088324e-02	-1.566110e-02	3.270402e-01	2.617826e-01	-3.054705e-01	-3.155378e-01	6.360987e-03	2.531220e-02	2.533071e-04	2.707756e-04	2.584837e-04	2.763092e-04	6.835388e+00	1.410354e+02	1.550123e+02	5.474473e-01	9.777249e+00	3.867588e+01	4.592875e+01	7.589361e+01	3.754935e-02	1.823254e-01	1.824693e-01	1.159151e-02	1.573736e-01	3.703494e-02	3.372223e-02	6.065832e-01	2.385743e-03	5.614400e-04	5.112201e-04	9.195642e-03	1.748596e-03	4.114994e-04	3.746914e-04	6.739814e-03
1.876440e+02	5.329240e-03	8.885429e-02	-2.364537e-02	3.566764e-01	2.834317e-01	-3.346574e-01	-3.538366e-01	9.478314e-03	3.097333e-02	2.492104e-04	2.670721e-04	2.584716e-04	2.769970e-04	5.706207e+00	1.400882e+02	1.600969e+02	7.081542e-01	1.490185e+01	3.847229e+01	4.659566e+01	7.298508e+01	3.093198e-02	1.642469e-01	1.699307e-01	1.211175e-02	1.552934e-01	3.358831e-02	3.040758e-02	4.899724e-01	2.354206e-03	5.091900e-04	4.609709e-04	7.427853e-03	1.725482e-03	3.732034e-04	3.378619e-04	5.444138e-03
2.234330e+02	4.475615e-03	8.488751e-02	-3.090442e-02	3.834827e-01	3.026863e-01	-3.622548e-01	-3.923621e-01	1.542115e-02	3.643475e-02	2.696290e-04	2.927450e-04	2.719684e-04	2.952849e-04	4.625992e+00	1.352930e+02	1.616504e+02	8.872814e-01	2.000470e+01	3.828435e+01	4.728475e+01	6.705930e+01	2.761408e-02	1.621394e-01	1.646525e-01	1.324444e-02	1.710088e-01	3.433255e-02	2.917992e-02	4.276266e-01	2.592448e-03	5.204724e-04	4.423600e-04	6.482707e-03	1.900097e-03	3.814727e-04	3.242214e-04	4.751407e-03
2.660490e+02	3.758706e-03	8.161643e-02	-3.800683e-02	4.133425e-01	3.201620e-01	-3.985996e-01	-4.293693e-01	1.878071e-02	4.371221e-02	2.778633e-04	3.027371e-04	2.888131e-04	3.146671e-04	3.858712e+00	1.301298e+02	1.633977e+02	1.077516e+00	2.497027e+01	3.776022e+01	4.712830e+01	6.674949e+01	2.381808e-02	1.506983e-01	1.610995e-01	1.425337e-02	1.768304e-01	3.317601e-02	2.824496e-02	3.789539e-01	2.680703e-03	5.029397e-04	4.281861e-04	5.744842e-03	1.964783e-03	3.686224e-04	3.138328e-04	4.210599e-03
3.167920e+02	3.156645e-03	7.601543e-02	-4.528668e-02	4.454620e-01	3.410182e-01	-4.406733e-01	-4.744751e-01	2.333191e-02	4.880175e-02	2.447380e-04	2.695160e-04	2.457966e-04	2.706818e-04	3.130077e+00	1.258270e+02	1.676414e+02	1.169792e+00	3.078465e+01	3.743544e+01	4.711531e+01	6.444773e+01	1.731517e-02	1.208981e-01	1.272666e-01	1.170743e-02	1.584764e-01	2.752569e-02	2.174833e-02	2.867117e-01	2.402460e-03	4.172823e-04	3.296990e-04	4.346474e-03	1.760848e-03	3.058410e-04	2.416481e-04	3.185686e-03
3.772130e+02	2.651022e-03	6.806322e-02	-5.414911e-02	4.855382e-01	3.704231e-01	-4.957508e-01	-5.357856e-01	3.041779e-02	5.642940e-02	2.882478e-04	3.214839e-04	2.817422e-04	3.142281e-04	2.539902e+00	1.252237e+02	1.789025e+02	1.379795e+00	3.850473e+01	3.734046e+01	4.722258e+01	6.167349e+01	1.683512e-02	1.318391e-01	1.381026e-01	1.352677e-02	1.898856e-01	3.016132e-02	2.211455e-02	2.808485e-01	2.878615e-03	4.572377e-04	3.352508e-04	4.257590e-03	2.109840e-03	3.351258e-04	2.457172e-04	3.120539e-03
4.491590e+02	2.226383e-03	5.720681e-02	-5.900803e-02	5.218643e-01	3.930622e-01	-5.512032e-01	-5.842207e-01	4.920823e-02	5.354191e-02	3.306829e-04	3.578953e-04	3.328684e-04	3.602606e-04	1.904617e+00	1.203582e+02	1.819128e+02	1.491135e+00	4.588796e+01	3.698664e+01	4.666566e+01	4.741512e+01	1.532677e-02	1.318648e-01	1.507785e-01	1.477442e-02	2.305343e-01	3.138672e-02	2.374481e-02	2.838482e-01	3.494840e-03	4.758144e-04	3.599650e-04	4.303064e-03	2.561493e-03	3.487413e-04	2.638312e-04	3.153869e-03
5.348260e+02	1.869767e-03	5.038771e-02	-6.379443e-02	5.549788e-01	4.128609e-01	-6.062468e-01	-6.278558e-01	4.966108e-02	6.017129e-02	2.965789e-04	3.312388e-04	2.805553e-04	3.133425e-04	1.564986e+00	1.133025e+02	1.803862e+02	1.441409e+00	5.169673e+01	3.664637e+01	4.600314e+01	5.046617e+01	1.141890e-02	1.085150e-01	1.159709e-01	1.157822e-02	2.090290e-01	2.743740e-02	1.841782e-02	2.301162e-01	3.168824e-03	4.159438e-04	2.792093e-04	3.488501e-03	2.322544e-03	3.048600e-04	2.046424e-04	2.556847e-03
6.368330e+02	1.570270e-03	3.820500e-02	-6.701607e-02	5.963941e-01	4.430842e-01	-6.756556e-01	-6.861437e-01	6.366629e-02	5.667935e-02	2.517533e-04	2.834922e-04	2.536468e-04	2.856244e-04	1.183473e+00	1.097820e+02	1.844194e+02	1.445030e+00	6.031309e+01	3.661008e+01	4.544126e+01	4.167729e+01	7.724612e-03	8.377784e-02	9.715275e-02	9.684031e-03	1.869869e-01	2.186203e-02	1.509180e-02	1.919871e-01	2.834672e-03	3.314226e-04	2.287878e-04	2.910473e-03	2.077632e-03	2.429115e-04	1.676867e-04	2.133189e-03
7.582960e+02	1.318746e-03	2.430994e-02	-6.924124e-02	6.382883e-01	4.762805e-01	-7.586661e-01	-7.472894e-01	7.640601e-02	5.677666e-02	2.552788e-04	2.868827e-04	2.437311e-04	2.739052e-04	8.994628e-01	1.059340e+02	1.894046e+02	1.513457e+00	7.065431e+01	3.672971e+01	4.456717e+01	3.661573e+01	6.257807e-03	7.631990e-02	8.670056e-02	8.709658e-03	1.993112e-01	2.063930e-02	1.311366e-02	1.648632e-01	3.021505e-03	3.128863e-04	1.987997e-04	2.499283e-03	2.214568e-03	2.293255e-04	1.457074e-04	1.831813e-03
9.029250e+02	1.107512e-03	1.337462e-02	-6.908695e-02	6.747195e-01	5.063994e-01	-8.252967e-01	-8.015399e-01	8.332209e-02	5.486685e-02	2.064265e-03	2.153970e-03	1.860320e-03	1.941162e-03	6.945913e-01	9.982688e+01	1.856560e+02	1.396079e+00	7.904358e+01	3.688944e+01	4.416337e+01	3.336454e+01	4.075111e-02	5.097681e-01	6.004150e-01	5.432831e-02	1.680749e+00	1.462911e-01	9.264780e-02	1.114830e+00	2.547971e-02	2.217734e-03	1.404516e-03	1.690053e-02	1.867498e-02	1.625456e-03	1.029420e-03	1.238700e-02
