# export_mt_object_to_txt
# lat: 47.09113255555556
# lon: -123.98280611111112
# n_freq: 17
# columns: freq_hz	period_s	Zxx_real	Zxx_imag	Zxy_real	Zxy_imag	Zyx_real	Zyx_imag	Zyy_real	Zyy_imag	Zxx_err	Zxy_err	Zyx_err	Zyy_err	rho_xx	rho_xy	rho_yx	rho_yy	phs_xx_deg	phs_xy_deg	phs_yx_deg	phs_yy_deg	rho_err_xx	rho_err_xy	rho_err_yx	rho_err_yy	phs_err_xx_deg	phs_err_xy_deg	phs_err_yx_deg	phs_err_yy_deg	rho_noise_std_log10_xx	rho_noise_std_log10_xy	rho_noise_std_log10_yx	rho_noise_std_log10_yy	phs_noise_std_norm_xx	phs_noise_std_norm_xy	phs_noise_std_norm_yx	phs_noise_std_norm_yy
freq_hz	period_s	Zxx_real	Zxx_imag	Zxy_real	Zxy_imag	Zyx_real	Zyx_imag	Zyy_real	Zyy_imag	Zxx_err	Zxy_err	Zyx_err	Zyy_err	rho_xx	rho_xy	rho_yx	rho_yy	phs_xx_deg	phs_xy_deg	phs_yx_deg	phs_yy_deg	rho_err_xx	rho_err_xy	rho_err_yx	rho_err_yy	phs_err_xx_deg	phs_err_xy_deg	phs_err_yx_deg	phs_err_yy_deg	rho_noise_std_log10_xx	rho_noise_std_log10_xy	rho_noise_std_log10_yx	rho_noise_std_log10_yy	phs_noise_std_norm_xx	phs_noise_std_norm_xy	phs_noise_std_norm_yx	phs_noise_std_norm_yy
2.154430e-04	4.641599e+03	nan	nan	nan	nan	nan	nan	nan	nan	nan	nan	nan	nan	nan	nan	nan	nan	nan	nan	nan	nan	nan	nan	nan	nan	nan	nan	nan	nan	nan	nan	nan	nan	nan	nan	nan	nan
3.162270e-04	3.162285e+03	nan	nan	nan	nan	nan	nan	nan	nan	nan	nan	nan	nan	nan	nan	nan	nan	nan	nan	nan	nan	nan	nan	nan	nan	nan	nan	nan	nan	nan	nan	nan	nan	nan	nan	nan	nan
4.641580e-04	2.154439e+03	-2.771806e-04	-1.852323e-04	4.876514e-04	1.085948e-04	-3.340358e-04	-2.486459e-04	4.500697e-04	5.467271e-05	1.126307e-04	1.110017e-04	1.176976e-04	1.160238e-04	3.032599e+01	6.810567e+01	4.731569e+01	5.608746e+01	3.375373e+01	1.255431e+01	3.666285e+01	6.926133e+00	2.049115e+01	3.026380e+01	2.674683e+01	2.870664e+01	1.935726e+01	1.273013e+01	1.619421e+01	1.466254e+01	2.934510e-01	1.929854e-01	2.455000e-01	2.222803e-01	2.150807e-01	1.414459e-01	1.799357e-01	1.629171e-01
6.812920e-04	1.467799e+03	-3.319893e-04	-1.912596e-04	5.111939e-04	8.619385e-05	-3.980204e-04	-2.584648e-04	4.579119e-04	4.197257e-05	9.346578e-05	9.076920e-05	9.322331e-05	9.052479e-05	2.728944e+01	4.996009e+01	4.186897e+01	3.930741e+01	2.994632e+01	9.570781e+00	3.299872e+01	5.237143e+00	1.331430e+01	1.749519e+01	1.644899e+01	1.547652e+01	1.397708e+01	1.003201e+01	1.125484e+01	1.127954e+01	2.118889e-01	1.520827e-01	1.706205e-01	1.709949e-01	1.553009e-01	1.114668e-01	1.250538e-01	1.253282e-01
1.000000e-03	1.000000e+03	-3.801219e-04	-1.800981e-04	5.227502e-04	8.127760e-05	-4.631878e-04	-2.659347e-04	4.647880e-04	3.381725e-05	7.769678e-05	7.577452e-05	7.856750e-05	7.666500e-05	2.240819e+01	3.544644e+01	3.612914e+01	2.750509e+01	2.535114e+01	8.837630e+00	2.986186e+01	4.161419e+00	8.278308e+00	1.015417e+01	1.062935e+01	9.049795e+00	1.058345e+01	8.206626e+00	8.428337e+00	9.425803e+00	1.604424e-01	1.244103e-01	1.277714e-01	1.428927e-01	1.175939e-01	9.118473e-02	9.364818e-02	1.047311e-01
1.467800e-03	6.812917e+02	-4.214014e-04	-1.754183e-04	5.382347e-04	7.865648e-05	-5.252334e-04	-2.688973e-04	4.653829e-04	2.170443e-05	7.311178e-05	7.260145e-05	7.325727e-05	7.206102e-05	1.797788e+01	2.553077e+01	3.004292e+01	1.872870e+01	2.260068e+01	8.314231e+00	2.711053e+01	2.670214e+00	5.759148e+00	6.815206e+00	7.459737e+00	5.793700e+00	9.177248e+00	7.647291e+00	7.113348e+00	8.862186e+00	1.391247e-01	1.159309e-01	1.078365e-01	1.343484e-01	1.019694e-01	8.496990e-02	7.903720e-02	9.846874e-02
2.154430e-03	4.641599e+02	-4.556653e-04	-1.768435e-04	5.476279e-04	8.271822e-05	-5.828884e-04	-2.862876e-04	4.647215e-04	2.051579e-05	7.154458e-05	7.201624e-05	7.087342e-05	7.043908e-05	1.404436e+01	1.803210e+01	2.479143e+01	1.272064e+01	2.121121e+01	8.589493e+00	2.615812e+01	2.527763e+00	4.111466e+00	4.689457e+00	5.411318e+00	3.852451e+00	8.386626e+00	7.450215e+00	6.253084e+00	8.676025e+00	1.271390e-01	1.129433e-01	9.479510e-02	1.315263e-01	9.318473e-02	8.278017e-02	6.947871e-02	9.640028e-02
3.162270e-03	3.162285e+02	-4.829529e-04	-1.826325e-04	5.536916e-04	9.912693e-05	-6.346173e-04	-3.056433e-04	4.569786e-04	2.406225e-05	6.917655e-05	7.008777e-05	6.610016e-05	6.574666e-05	1.067747e+01	1.267210e+01	1.987149e+01	8.386978e+00	2.071451e+01	1.015008e+01	2.571631e+01	3.014131e+00	2.861072e+00	3.157927e+00	3.729524e+00	2.409972e+00	7.676318e+00	7.139146e+00	5.376698e+00	8.231884e+00	1.163710e-01	1.082276e-01	8.150932e-02	1.247932e-01	8.529243e-02	7.932384e-02	5.974108e-02	9.146537e-02
4.641580e-03	2.154439e+02	-5.217022e-04	-2.060372e-04	5.599305e-04	1.175646e-04	-6.940149e-04	-3.524448e-04	4.556431e-04	3.186769e-05	6.431131e-05	6.774128e-05	6.066221e-05	6.194626e-05	8.584933e+00	8.931992e+00	1.653205e+01	5.692635e+00	2.155068e+01	1.185774e+01	2.692304e+01	4.000753e+00	1.968602e+00	2.115095e+00	2.576819e+00	1.544095e+00	6.569219e+00	6.783817e+00	4.465290e+00	7.770577e+00	9.958763e-02	1.028409e-01	6.769262e-02	1.177999e-01	7.299132e-02	7.537574e-02	4.961433e-02	8.633975e-02
6.812920e-03	1.467799e+02	-5.668355e-04	-2.413759e-04	5.606749e-04	1.608006e-04	-7.659835e-04	-4.196252e-04	4.537138e-04	5.380596e-05	5.906817e-05	6.520057e-05	5.404525e-05	5.695840e-05	7.056071e+00	6.324527e+00	1.418067e+01	3.880665e+00	2.306578e+01	1.600281e+01	2.871505e+01	6.763124e+00	1.353018e+00	1.413950e+00	1.754989e+00	9.675633e-01	5.493298e+00	6.404695e+00	3.545441e+00	7.142756e+00	8.327695e-02	9.709349e-02	5.374795e-02	1.082823e-01	6.103664e-02	7.116328e-02	3.939379e-02	7.936396e-02
1.000000e-02	1.000000e+02	-6.260587e-04	-2.877122e-04	5.757155e-04	2.345084e-04	-8.656606e-04	-5.078899e-04	4.574365e-04	8.185490e-05	5.994734e-05	6.657894e-05	5.297126e-05	5.608475e-05	6.012498e+00	4.894352e+00	1.275786e+01	2.735018e+00	2.468167e+01	2.216273e+01	3.040048e+01	1.014528e+01	1.046243e+00	1.048382e+00	1.346680e+00	6.601764e-01	4.985058e+00	6.136448e+00	3.023981e+00	6.915005e+00	7.557217e-02	9.302694e-02	4.584276e-02	1.048297e-01	5.538954e-02	6.818275e-02	3.359979e-02	7.683339e-02
1.467800e-02	6.812917e+01	-7.205475e-04	-3.243660e-04	6.133792e-04	3.272781e-04	-1.012499e-03	-5.887688e-04	4.764426e-04	1.147958e-04	6.250306e-05	6.975297e-05	5.474187e-05	5.775934e-05	5.387753e+00	4.170620e+00	1.183683e+01	2.072394e+00	2.423566e+01	2.808285e+01	3.017802e+01	1.354685e+01	8.523280e-01	8.368829e-01	1.106468e+00	4.884949e-01	4.532019e+00	5.748529e+00	2.677912e+00	6.752745e+00	6.870422e-02	8.714618e-02	4.059644e-02	1.023698e-01	5.035577e-02	6.387254e-02	2.975458e-02	7.503050e-02
2.154430e-02	4.641599e+01	-8.259777e-04	-3.261924e-04	6.741213e-04	4.461074e-04	-1.196149e-03	-6.404928e-04	5.002591e-04	1.478586e-04	6.719962e-05	7.471021e-05	5.947053e-05	6.238426e-05	4.636145e+00	3.841414e+00	1.082262e+01	1.599707e+00	2.154990e+01	3.349505e+01	2.816738e+01	1.646579e+01	7.016398e-01	7.100590e-01	9.487177e-01	3.826169e-01	4.335606e+00	5.295365e+00	2.511292e+00	6.851984e+00	6.572665e-02	8.027635e-02	3.807052e-02	1.038743e-01	4.817341e-02	5.883739e-02	2.790324e-02	7.613316e-02
3.162270e-02	3.162285e+01	-9.148403e-04	-3.192803e-04	7.713897e-04	5.877250e-04	-1.362820e-03	-6.636494e-04	5.304428e-04	1.933987e-04	7.264339e-05	8.055007e-05	6.509648e-05	6.864891e-05	3.760261e+00	3.766630e+00	9.202507e+00	1.276710e+00	1.923905e+01	3.730393e+01	2.596459e+01	2.003179e+01	5.638204e-01	6.257172e-01	7.903988e-01	3.104670e-01	4.295516e+00	4.759023e+00	2.460553e+00	6.966518e+00	6.511890e-02	7.214553e-02	3.730134e-02	1.056106e-01	4.772796e-02	5.287803e-02	2.733948e-02	7.740576e-02
4.641600e-02	2.154430e+01	-9.865222e-04	-2.760211e-04	9.207199e-04	7.333903e-04	-1.517917e-03	-6.520355e-04	5.660973e-04	2.468917e-04	9.668059e-05	9.685456e-05	8.833393e-05	8.719511e-05	2.863448e+00	3.780734e+00	7.447001e+00	1.040754e+00	1.563120e+01	3.853873e+01	2.324640e+01	2.356343e+01	5.404869e-01	6.221705e-01	7.963785e-01	2.938782e-01	5.407401e+00	4.714394e+00	3.063591e+00	8.089321e+00	8.197477e-02	7.146898e-02	4.644323e-02	1.226320e-01	6.008223e-02	5.238216e-02	3.403990e-02	8.988135e-02
6.812920e-02	1.467799e+01	-9.911519e-04	-2.490958e-04	1.010931e-03	8.625420e-04	-1.573329e-03	-6.431303e-04	5.534460e-04	2.962883e-04	1.001116e-04	9.942535e-05	9.160299e-05	8.898726e-05	1.941586e+00	3.282901e+00	5.370584e+00	7.326079e-01	1.410737e+01	4.047134e+01	2.223329e+01	2.816245e+01	3.803917e-01	4.912409e-01	5.788805e-01	2.076979e-01	5.612638e+00	4.286762e+00	3.087877e+00	8.121816e+00	8.508612e-02	6.498619e-02	4.681141e-02	1.231246e-01	6.236264e-02	4.763069e-02	3.430975e-02	9.024240e-02
1.000000e-01	1.000000e+01	nan	nan	nan	nan	nan	nan	nan	nan	nan	nan	nan	nan	nan	nan	nan	nan	nan	nan	nan	nan	nan	nan	nan	nan	nan	nan	nan	nan	nan	nan	nan	nan	nan	nan	nan	nan
