# export_mt_object_to_txt
# lat: 47.014
# lon: -125.16299722222223
# n_freq: 17
# columns: freq_hz	period_s	Zxx_real	Zxx_imag	Zxy_real	Zxy_imag	Zyx_real	Zyx_imag	Zyy_real	Zyy_imag	Zxx_err	Zxy_err	Zyx_err	Zyy_err	rho_xx	rho_xy	rho_yx	rho_yy	phs_xx_deg	phs_xy_deg	phs_yx_deg	phs_yy_deg	rho_err_xx	rho_err_xy	rho_err_yx	rho_err_yy	phs_err_xx_deg	phs_err_xy_deg	phs_err_yx_deg	phs_err_yy_deg	rho_noise_std_log10_xx	rho_noise_std_log10_xy	rho_noise_std_log10_yx	rho_noise_std_log10_yy	phs_noise_std_norm_xx	phs_noise_std_norm_xy	phs_noise_std_norm_yx	phs_noise_std_norm_yy
freq_hz	period_s	Zxx_real	Zxx_imag	Zxy_real	Zxy_imag	Zyx_real	Zyx_imag	Zyy_real	Zyy_imag	Zxx_err	Zxy_err	Zyx_err	Zyy_err	rho_xx	rho_xy	rho_yx	rho_yy	phs_xx_deg	phs_xy_deg	phs_yx_deg	phs_yy_deg	rho_err_xx	rho_err_xy	rho_err_yx	rho_err_yy	phs_err_xx_deg	phs_err_xy_deg	phs_err_yx_deg	phs_err_yy_deg	rho_noise_std_log10_xx	rho_noise_std_log10_xy	rho_noise_std_log10_yx	rho_noise_std_log10_yy	phs_noise_std_norm_xx	phs_noise_std_norm_xy	phs_noise_std_norm_yx	phs_noise_std_norm_yy
2.154430e-04	4.641599e+03	8.598803e-07	-2.724979e-05	1.155951e-04	1.120356e-04	-7.228687e-05	-1.344083e-04	2.040868e-05	3.672504e-07	3.963501e-06	3.970775e-06	3.618562e-06	3.625196e-06	4.369546e-01	1.523406e+01	1.369197e+01	2.449335e-01	8.819260e+01	4.410414e+01	6.172796e+01	1.030916e+00	1.270475e-01	7.515399e-01	6.492887e-01	8.700105e-02	8.329566e+00	1.413283e+00	1.358516e+00	1.017581e+01	1.262740e-01	2.142500e-02	2.059474e-02	1.542626e-01	9.255073e-02	1.570314e-02	1.509462e-02	1.130645e-01
3.162270e-04	3.162285e+03	-1.480925e-05	-5.569861e-05	1.392624e-04	1.100541e-04	-1.169773e-04	-1.791932e-04	2.807199e-05	-4.574641e-06	4.336906e-06	4.462002e-06	3.861327e-06	3.967365e-06	1.330348e+00	1.261838e+01	1.834083e+01	3.239967e-01	7.511058e+01	3.831805e+01	5.686351e+01	9.255619e+00	2.002157e-01	6.344058e-01	6.618837e-01	9.038745e-02	4.311474e+00	1.440311e+00	1.033845e+00	7.992086e+00	6.536081e-02	2.183474e-02	1.567282e-02	1.211579e-01	4.790527e-02	1.600346e-02	1.148717e-02	8.880096e-02
4.641580e-04	2.154439e+03	-3.345468e-05	-6.435398e-05	1.756231e-04	1.269300e-04	-1.693477e-04	-2.088972e-04	3.500947e-05	-1.724883e-06	5.268039e-06	5.333276e-06	4.510882e-06	4.576072e-06	1.435436e+00	1.281219e+01	1.973254e+01	3.352498e-01	6.253215e+01	3.585718e+01	5.096920e+01	2.820627e+00	2.085178e-01	6.306783e-01	6.619957e-01	8.753451e-02	4.161519e+00	1.410189e+00	9.610916e-01	7.480032e+00	6.308754e-02	2.137809e-02	1.456990e-02	1.133953e-01	4.623910e-02	1.566876e-02	1.067880e-02	8.311147e-02
6.812920e-04	1.467799e+03	-5.098611e-05	-6.158064e-05	2.224674e-04	1.482334e-04	-2.281144e-04	-2.337845e-04	4.375216e-05	-4.848037e-06	7.000303e-06	6.695137e-06	5.882725e-06	5.623741e-06	1.188221e+00	1.328525e+01	1.983382e+01	3.602267e-01	5.037671e+01	3.367613e+01	4.570330e+01	6.322967e+00	2.080818e-01	6.654460e-01	7.144144e-01	9.204109e-02	5.016829e+00	1.434947e+00	1.031897e+00	7.319787e+00	7.605381e-02	2.175342e-02	1.564329e-02	1.109661e-01	5.574255e-02	1.594385e-02	1.146553e-02	8.133097e-02
1.000000e-03	1.000000e+03	-6.349499e-05	-6.358979e-05	2.622610e-04	1.571358e-04	-3.003490e-04	-2.599683e-04	5.454763e-05	-2.563782e-05	8.504229e-06	7.958841e-06	7.144696e-06	6.686436e-06	1.022745e+00	1.183843e+01	1.998472e+01	4.600921e-01	4.504274e+01	3.092827e+01	4.087796e+01	2.517390e+01	1.935770e-01	6.163565e-01	7.188991e-01	1.020827e-01	5.422242e+00	1.491525e+00	1.030534e+00	6.356237e+00	8.219977e-02	2.261113e-02	1.562263e-02	9.635888e-02	6.024714e-02	1.657250e-02	1.145038e-02	7.062485e-02
1.467800e-03	6.812917e+02	-6.037515e-05	-5.000346e-05	3.004480e-04	1.741697e-04	-3.714280e-04	-2.235879e-04	3.127862e-05	-3.632373e-05	5.881306e-06	5.486050e-06	5.193702e-06	4.844643e-06	5.302748e-01	1.040652e+01	1.621759e+01	1.982664e-01	3.963199e+01	3.010087e+01	3.104661e+01	4.926803e+01	7.956571e-02	3.287866e-01	3.885723e-01	4.007634e-02	4.298507e+00	9.051100e-01	6.864015e-01	5.790707e+00	6.516423e-02	1.372123e-02	1.040567e-02	8.778559e-02	4.776119e-02	1.005678e-02	7.626683e-03	6.434119e-02
2.154430e-03	4.641599e+02	-7.510129e-05	-4.559456e-05	3.247392e-04	1.747680e-04	-4.240726e-04	-1.825078e-04	1.533594e-05	-2.317080e-05	5.040810e-06	4.788537e-06	4.491723e-06	4.266280e-06	4.537773e-01	7.994934e+00	1.253015e+01	4.538772e-02	3.126225e+01	2.828823e+01	2.328555e+01	5.650082e+01	5.207037e-02	2.076248e-01	2.438148e-01	1.393758e-02	3.287309e+00	7.439727e-01	5.574377e-01	8.797145e+00	4.983474e-02	1.127843e-02	8.450608e-03	1.333624e-01	3.652566e-02	8.266364e-03	6.193752e-03	9.774606e-02
3.162270e-03	3.162285e+02	-8.180175e-05	-3.139161e-05	3.626102e-04	1.870549e-04	-4.461395e-04	-1.580546e-04	1.664749e-05	-2.111722e-05	4.818681e-06	4.613965e-06	4.319159e-06	4.135589e-06	3.074685e-01	6.667486e+00	8.972249e+00	2.895978e-02	2.099442e+01	2.728726e+01	1.950779e+01	5.174997e+01	3.381926e-02	1.507964e-01	1.637516e-01	8.907805e-03	3.151056e+00	6.479202e-01	5.228496e-01	8.811869e+00	4.776919e-02	9.822300e-03	7.926263e-03	1.335856e-01	3.501174e-02	7.199114e-03	5.809440e-03	9.790966e-02
4.641580e-03	2.154439e+02	-9.337982e-05	-2.624534e-05	4.042269e-04	1.972142e-04	-4.633079e-04	-1.516904e-04	1.986919e-05	-1.763481e-05	4.002927e-06	3.869732e-06	3.623308e-06	3.503258e-06	2.567260e-01	5.519820e+00	6.484972e+00	1.925788e-02	1.569855e+01	2.600682e+01	1.812883e+01	4.159052e+01	2.118921e-02	9.498292e-02	9.639655e-02	5.079004e-03	2.364491e+00	4.929618e-01	4.258396e-01	7.555492e+00	3.584506e-02	7.473171e-03	6.455616e-03	1.145393e-01	2.627212e-02	5.477353e-03	4.731551e-03	8.394991e-02
6.812920e-03	1.467799e+02	-1.073236e-04	-3.247227e-05	4.456468e-04	2.107361e-04	-4.881523e-04	-1.585473e-04	1.845600e-05	-1.008135e-05	2.129482e-06	2.095257e-06	1.967651e-06	1.935853e-06	2.337271e-01	4.517545e+00	4.897135e+00	8.221520e-03	1.683393e+01	2.530839e+01	1.799331e+01	2.864500e+01	8.877631e-03	3.840229e-02	3.754808e-02	1.513620e-03	1.088129e+00	2.435271e-01	2.196536e-01	5.274209e+00	1.649576e-02	3.691806e-03	3.329890e-03	7.995562e-02	1.209033e-02	2.705856e-03	2.440595e-03	5.860232e-02
1.000000e-02	1.000000e+02	-1.115597e-04	-3.053264e-05	4.982744e-04	2.289727e-04	-5.156276e-04	-1.819302e-04	1.040372e-05	-1.709529e-05	1.703567e-06	1.667618e-06	1.599306e-06	1.565854e-06	1.694321e-01	3.808485e+00	3.786504e+00	5.072220e-03	1.530638e+01	2.468026e+01	1.943450e+01	5.867648e+01	4.991053e-03	2.316370e-02	2.215063e-02	7.937532e-04	8.438966e-01	1.742402e-01	1.675870e-01	4.483116e+00	1.279325e-02	2.641436e-03	2.540574e-03	6.796287e-02	9.376628e-03	1.936002e-03	1.862077e-03	4.981240e-02
1.467800e-02	6.812917e+01	-1.167177e-04	-4.127472e-05	5.641387e-04	2.497571e-04	-5.425802e-04	-2.161799e-04	-2.591376e-06	-1.150404e-05	1.814476e-06	1.653179e-06	1.719597e-06	1.566761e-06	1.322482e-01	3.284337e+00	2.943469e+00	1.199885e-03	1.947506e+01	2.388007e+01	2.172379e+01	7.730555e+01	3.876572e-03	1.760133e-02	1.733238e-02	3.188411e-04	8.397516e-01	1.535290e-01	1.686908e-01	7.612499e+00	1.273041e-02	2.327459e-03	2.557307e-03	1.154035e-01	9.330573e-03	1.705878e-03	1.874342e-03	8.458332e-02
2.154430e-02	4.641599e+01	-1.240218e-04	-3.976236e-05	6.155562e-04	2.733287e-04	-5.699548e-04	-2.564117e-04	-6.367308e-06	-3.303933e-07	1.831137e-06	1.716958e-06	1.727122e-06	1.619940e-06	9.971641e-02	2.666664e+00	2.296175e+00	2.389777e-04	1.777625e+01	2.394291e+01	2.422206e+01	2.970357e+00	2.803968e-03	1.359605e-02	1.269096e-02	1.214357e-04	8.055620e-01	1.460620e-01	1.583368e-01	1.455733e+01	1.221211e-02	2.214261e-03	2.400345e-03	2.206853e-01	8.950689e-03	1.622911e-03	1.759298e-03	1.617481e-01
3.162270e-02	3.162285e+01	-1.242295e-04	-3.618904e-05	6.502821e-04	2.997652e-04	-6.106471e-04	-3.170527e-04	-9.942272e-07	3.753478e-06	2.314987e-06	2.376929e-06	2.167596e-06	2.223619e-06	6.705550e-02	2.053509e+00	1.896055e+00	6.038496e-05	1.624127e+01	2.474862e+01	2.743869e+01	7.516411e+01	2.399393e-03	1.363328e-02	1.194647e-02	6.916088e-05	1.025084e+00	1.901937e-01	1.805017e-01	3.281137e+01	1.554001e-02	2.883287e-03	2.736358e-03	4.974118e-01	1.138983e-02	2.113264e-03	2.005574e-03	3.645708e-01
4.641600e-02	2.154430e+01	-1.245353e-04	-4.420703e-05	7.058615e-04	3.571386e-04	-6.690171e-04	-4.118160e-04	1.120605e-06	1.297093e-05	4.818596e-06	4.948083e-06	4.463681e-06	4.583757e-06	4.765069e-02	1.707537e+00	1.684037e+00	4.625028e-04	1.954363e+01	2.683765e+01	3.161453e+01	8.506227e+01	3.475013e-03	2.136109e-02	1.913684e-02	3.256717e-04	2.089199e+00	3.583818e-01	3.255451e-01	2.017243e+01	3.167171e-02	5.432973e-03	4.935178e-03	3.058088e-01	2.321332e-02	3.982019e-03	3.617168e-03	2.241382e-01
6.812920e-02	1.467799e+01	-1.093488e-04	-5.420634e-05	7.745648e-04	4.427169e-04	-7.302850e-04	-5.502468e-04	-7.651707e-06	-1.123298e-05	1.146637e-05	1.099546e-05	1.090462e-05	1.044836e-05	2.769054e-02	1.479661e+00	1.554278e+00	3.434084e-04	2.636853e+01	2.975093e+01	3.699688e+01	5.573801e+01	5.203074e-03	3.647228e-02	3.707178e-02	5.279858e-04	5.382961e+00	7.061443e-01	6.832934e-01	4.404574e+01	8.160427e-02	1.070496e-02	1.035855e-02	6.677219e-01	5.981067e-02	7.846047e-03	7.592148e-03	4.893972e-01
1.000000e-01	1.000000e+01	-3.777993e-05	4.238979e-06	8.083675e-04	5.437192e-04	-7.304757e-04	-7.993913e-04	2.789355e-05	-2.096493e-04	2.315112e-05	2.096394e-05	2.385369e-05	2.159708e-05	1.830483e-03	1.202035e+00	1.485142e+00	5.665232e-02	6.401918e+00	3.392533e+01	4.757925e+01	8.242139e+01	2.229411e-03	5.173286e-02	6.542967e-02	1.157015e-02	3.489128e+01	1.232941e+00	1.262116e+00	5.850783e+00	5.289426e-01	1.869105e-02	1.913335e-02	8.869634e-02	3.876809e-01	1.369934e-02	1.402351e-02	6.500870e-02
